1 1 3 1 2 1 4 1 8 1   3 3 2 3 4 3 8 3   2 2 4 2 8 2   4 4 8 8 4
1 1 3 1 2 1 4 1 8 1   3 3 2 3 4 3 8 3   2 2 4 2 8 2   4 4 8 8 4
1 1 3 1 2 1 4 1 8 1   3 3 2 3 4 3 8 3   2 2 4 2 8 2   4 4 8 8 4
1 1 3 1 2 1 4 1 8 1   3 3 2 3 4 3 8 3   2 2 4 2 8 2   4 4 8 8 4
1 1 3 1 2 1 4 1 8 1   3 3 2 3 4 3 8 3   2 2 4 2 8 2   4 4 8 8 4
1 1 3 1 2 1 4 1 8 1   3 3 2 3 4 3 8 3   2 2 4 2 8 2   4 4 8 8 4
1 1 3 1 2 1 4 1 8 1   3 3 2 3 4 3 8 3   2 2 4 2 8 2   4 4 8 8 4
1 1 3 1 2 1 4 1 8 1   3 3 2 3 4 3 8 3   2 2 4 2 8 2   4 4 8 8 4
1 1 3 1 2 1 4 1 8 1   3 3 2 3 4 3 8 3   2 2 4 2 8 2   4 4 8 8 4
1 1 3 1 2 1 4 1 8 1   3 3 2 3 4 3 8 3   2 2 4 2 8 2   4 4 8 8 4
1 3 3 1 3 3 1 3 3 1 3 3 1 3 3 1 3 3 1 3 3 