@10000
00 00 00 00
@10004
01 00 00 00
@10008
02 00 00 00
@1000c
03 00 00 00
@10010
04 00 00 00
@10014
05 00 00 00
@10018
06 00 00 00
@1001c
07 00 00 00
@10020
08 00 00 00
@10024
09 00 00 00
@10028
0a 00 00 00
@1002c
0b 00 00 00
@10030
0c 00 00 00
@10034
0d 00 00 00
@10038
0e 00 00 00
@1003c
0f 00 00 00
@10040
10 00 00 00
@10044
11 00 00 00
@10048
12 00 00 00
@1004c
13 00 00 00
@10050
14 00 00 00
@10054
15 00 00 00
@10058
16 00 00 00
@1005c
17 00 00 00
@10060
18 00 00 00
@10064
19 00 00 00
@10068
1a 00 00 00
@1006c
1b 00 00 00
@10070
1c 00 00 00
@10074
1d 00 00 00
@10078
1e 00 00 00
@1007c
1f 00 00 00
@10080
20 00 00 00
@10084
21 00 00 00
@10088
22 00 00 00
@1008c
23 00 00 00
@10090
24 00 00 00
@10094
25 00 00 00
@10098
26 00 00 00
@1009c
27 00 00 00
@100a0
28 00 00 00
@100a4
29 00 00 00
@100a8
2a 00 00 00
@100ac
2b 00 00 00
@100b0
2c 00 00 00
@100b4
2d 00 00 00
@100b8
2e 00 00 00
@100bc
2f 00 00 00
@100c0
30 00 00 00
@100c4
31 00 00 00
@100c8
32 00 00 00
@100cc
33 00 00 00
@100d0
34 00 00 00
@100d4
35 00 00 00
@100d8
36 00 00 00
@100dc
37 00 00 00
@100e0
38 00 00 00
@100e4
39 00 00 00
@100e8
3a 00 00 00
@100ec
3b 00 00 00
@100f0
3c 00 00 00
@100f4
3d 00 00 00
@100f8
3e 00 00 00
@100fc
3f 00 00 00
@10100
00 10 00 00