256 
 -5 6 6 -6 -5 1 8 6 -7 6 -1 5 8 0 2 6 
-1 6 -4 -6 -4 8 4 -6 0 -6 5 -1 -3 7 -4 -5 
-1 4 4 4 6 -1 -7 0 -7 2 0 3 -6 4 5 2 
-2 -1 7 -2 4 6 0 5 -3 8 -2 4 8 -3 -6 8 
6 -5 6 2 -7 7 -4 3 -1 -2 7 -7 0 2 -7 5 
-7 -6 2 -5 6 1 5 2 5 7 5 7 -7 0 0 4 
-5 -1 0 -5 2 -5 -1 -2 2 -1 2 -5 8 2 8 8 
7 8 -6 -2 0 1 6 -2 0 -5 4 -6 0 -6 -1 7 
-2 3 2 3 5 8 -3 7 7 -3 1 -2 3 -1 -7 0 
-6 -4 -3 -6 -1 6 -1 5 -4 0 3 -7 -4 6 4 3 
5 2 -1 7 2 -5 -6 -1 -4 -2 5 -6 1 -7 1 -6 
4 6 2 -2 8 4 8 5 -3 6 -4 -6 -1 -1 -3 1 
7 6 2 2 1 -5 -5 2 -2 6 6 3 0 -7 6 0 
4 1 6 -4 8 5 6 -6 4 -5 -1 -1 3 -1 8 5 
0 -2 0 5 -4 -6 4 -4 -2 0 0 -5 -1 -4 7 4 
-3 7 1 -6 3 -5 -6 0 -7 0 8 3 5 -5 -2 -4 

64
6 6 8 8 6 5 8 6 
4 7 6 5 8 4 8 8 
6 6 7 5 7 7 2 5 
8 0 2 6 2 4 8 8 
3 3 8 7 7 3 6 4 
6 7 8 8 6 5 1 1 
7 6 8 6 6 6 3 8 
7 5 3 4 0 8 5 7 

64
79 112 107 118 85 136 105 28 
71 117 111 167 126 114 123 72 
10 99 115 92 120 105 124 76 
-7 120 123 97 93 158 112 42 
80 167 92 133 103 64 50 76 
73 122 121 142 145 72 102 51 
47 118 108 100 152 104 161 11 
11 54 65 37 92 55 73 35 


4 
 -5 4 
-7 -4 

4
-2 -62 
-111 20 


16 
 -2 -4 6 -3 
2 -7 6 5 
5 5 5 7 
7 8 -6 1 

16
0 0 6 0 
2 0 6 5 
5 5 5 7 
7 8 0 1 

16
0 0 6 0 
2 0 6 5 
5 5 5 7 
7 8 0 1 

16
0 0 6 0 
2 0 6 5 
5 5 5 7 
7 8 0 1 

4
2 6 
8 7 

4
-121 2 
-22 -1 

4
0 2 
0 0 

4
16 -12 
0 -4 

4
-52 -108 
56 -76 

4
0 0 
56 0 

4
-280 56 
0 -56 

4
952 -1288 
-1400 336 


4 
 2 -6 
-3 -6 

4
33 -4 
-43 -35 

4
264 506 
-314 -135 

4
-5041 6004 
2130 1384 

4
31166 5513 
18061 77246 

4
31166 5513 
18061 77246 

4
90621 -251637 
135747 198826 

4
1888906 2559715 
116628 -2685563 


4 
 4 1 
7 8 

4
4 1 
7 8 

4
86 150 
62 32 

4
1342 808 
252 1486 


16 
 -6 4 -3 -1 
-1 6 -6 5 
-3 -2 -5 7 
-2 -2 2 3 

16
63 -53 3 15 
58 -84 98 -33 
-2 -36 89 -80 
13 38 2 -36 

16
63 0 3 15 
58 0 98 0 
0 0 89 0 
13 38 2 0 

16
832 602 221 -962 
-1028 555 -435 291 
544 511 -317 978 
-862 597 243 1692 

16
832 602 221 0 
0 555 0 291 
544 511 0 978 
0 597 243 1692 

16
-10900 10178 -6793 16765 
-223 1515 11540 -3351 
27934 9193 17437 1197 
11295 23308 -391 -3197 

4
10178 16765 
27934 17437 

4
10178 16765 
27934 17437 

4
10178 16765 
27934 17437 

4
-51001 -42959 
-182783 38246 

4
1265785 1162798 
813278 -1069555 

4
14718932 9285277 
17242265 3195522 

4
14718932 9285277 
17242265 3195522 


64 
 -6 6 -3 2 3 -1 8 5 
1 7 4 -4 1 8 -5 -1 
6 7 -5 -4 2 -4 2 2 
-5 -3 -5 0 2 3 -5 -2 
4 -1 -4 -1 7 -2 0 -3 
-1 3 -3 6 5 -4 -1 5 
7 1 -7 -1 4 -4 8 1 
-2 8 3 3 3 6 -3 2 

64
29 10 -100 33 26 -137 -16 -59 
-73 -117 -32 24 -10 35 16 97 
-22 7 83 48 29 -2 39 -33 
35 122 59 27 -84 -14 -20 86 
-18 -93 27 -31 -57 5 47 -64 
-24 -33 -27 -6 -48 74 -45 -44 
30 -44 1 57 88 -114 0 -40 
23 20 -121 -84 -31 -35 -5 62 


16 
 7 3 -5 -1 
3 -5 4 6 
8 4 0 8 
-5 4 0 -5 

16
73 -16 -12 36 
76 31 80 96 
60 39 92 40 
29 27 -11 -11 

16
73 0 0 36 
76 31 80 96 
60 39 92 40 
29 27 0 0 


16 
 0 0 -7 2 
2 7 7 -2 
-4 -2 -6 1 
6 -4 8 8 

16
0 0 0 2 
2 7 7 0 
0 0 0 1 
6 0 8 8 

16
0 0 0 2 
2 7 7 0 
0 0 0 1 
6 0 8 8 


64 
 0 2 -6 -4 2 -3 4 -1 
-6 0 2 5 -4 -5 0 7 
3 -2 2 5 -5 3 3 -4 
-6 -3 -4 6 -6 2 5 2 
3 8 -6 5 5 2 6 7 
1 -7 -4 -2 4 -2 -7 3 
1 0 -3 -4 -3 -6 1 5 
-7 3 8 7 2 5 -2 -3 

64
36 -34 -39 -21 25 41 -55 -19 
-19 17 34 10 35 -66 -1 24 
69 39 -51 -10 105 -23 -77 -28 
-65 -50 -24 -82 -1 -75 -39 8 
105 99 51 -7 24 48 6 -13 
-97 7 -12 -26 -17 -40 -116 -93 
64 -5 -43 -72 -66 33 37 9 
4 16 76 82 104 28 -23 -34 

16
36 34 41 24 
69 -10 105 8 
105 51 48 6 
64 82 104 37 

16
36 34 41 24 
69 0 105 8 
105 51 48 6 
64 82 104 37 

16
291 875 819 439 
995 153 801 860 
942 1799 780 617 
-451 502 1170 1200 

4
995 860 
1799 1200 

4
995 860 
1799 1200 

4
995 860 
1799 1200 

4
160 -11598 
-5845 5104 

4
-46081 -62202 
-56422 36033 

4
552498 -805527 
-279463 993826 

4
8185804 -8400537 
-2665892 -4320756 

4
-111909848 -3540913 
-57263290 57924667 


64 
 1 4 2 -4 2 7 -2 -2 
8 5 8 6 -4 -2 4 3 
7 3 -7 5 -3 5 -4 -3 
6 -5 6 4 2 -7 7 6 
-1 5 -4 7 0 3 7 7 
-1 8 -1 6 6 -4 -1 1 
7 -5 -5 -3 -3 1 2 7 
3 8 -3 0 4 -7 1 6 

64
1 4 2 0 2 7 0 0 
8 5 8 6 0 0 4 3 
7 3 0 5 0 5 0 0 
6 0 6 4 2 0 7 6 
0 5 0 7 0 3 7 7 
0 8 0 6 6 0 0 1 
7 0 0 0 0 1 2 7 
3 8 0 0 4 0 1 6 


4 
 4 -3 
-7 2 

4
4 0 
0 2 

4
22 -4 
6 34 

4
22 0 
6 34 

4
54 -112 
-114 218 


256 
 5 -2 1 -7 8 4 4 -5 5 8 7 -2 2 0 -2 1 
-7 7 -7 -2 2 7 2 3 -3 1 -6 7 -4 -4 -7 -1 
-3 7 -2 6 -1 3 8 3 1 8 5 -1 6 -5 -1 -4 
3 -1 4 1 0 -3 8 -4 1 -2 3 -6 -7 -2 7 0 
-3 6 0 6 -7 7 7 8 3 -2 6 -2 8 7 -2 -7 
-7 -3 -4 1 0 6 -2 -3 -2 1 3 -5 -1 4 4 6 
4 7 -3 3 5 3 -2 4 -6 3 8 -4 -1 8 -2 -5 
5 -1 -6 4 -6 4 0 -7 -7 -3 -4 6 -6 1 5 5 
4 0 -5 -7 -1 -7 -5 1 8 -3 4 5 0 -7 -7 6 
7 4 7 5 -5 4 -3 -7 -7 7 -4 6 -4 3 -3 5 
5 -6 1 5 0 -2 -6 1 0 8 5 -6 -5 -3 -4 1 
0 -3 3 4 3 4 -4 1 -6 0 4 8 4 -6 8 8 
-6 3 8 8 -4 -6 -4 7 0 0 -2 -1 3 -1 1 -7 
3 5 -6 0 -5 4 -5 -6 0 7 0 -1 7 -5 7 8 
-3 -3 -5 1 8 -3 -5 7 4 2 2 1 0 -3 -5 -3 
7 -3 2 1 0 -2 0 4 7 8 3 -6 -5 -5 1 0 

64
7 1 8 4 8 7 2 1 
7 6 3 8 8 5 6 7 
6 6 7 8 3 6 8 6 
7 4 5 4 3 8 8 5 
7 7 4 1 8 6 3 6 
5 5 4 1 8 8 4 8 
5 8 4 7 7 0 7 8 
7 2 8 7 8 3 0 1 

16
7 8 8 7 
7 8 8 8 
7 4 8 8 
8 8 8 8 


16 
 4 5 -5 -3 
7 -5 -6 -3 
4 8 8 -4 
8 -3 3 8 

16
-16 -44 -58 0 
115 126 115 14 
-12 -147 -117 -5 
70 85 11 -54 

4
126 115 
85 11 

4
-206 -1614 
-586 -165 

4
11090 6338 
9713 -1121 

4
11090 6338 
9713 0 

4
-119033 4752 
13844 71704 

4
0 4752 
13844 71704 


256 
 8 -3 8 7 4 4 0 0 2 -6 5 -3 7 -4 -6 -7 
-5 2 1 7 -2 -5 7 -7 2 2 -7 7 7 -7 -7 7 
6 -2 7 2 1 3 6 0 7 -4 1 -2 0 1 -3 5 
-5 7 5 2 0 -1 -2 -7 1 -3 -6 0 6 -3 -2 -3 
-4 -3 6 -7 -7 1 0 7 -6 -6 5 -2 4 4 -7 6 
4 -2 -7 1 -2 7 6 3 1 -5 -6 8 2 5 -4 7 
-7 -1 -6 3 6 8 0 3 0 -5 2 1 -4 1 -6 8 
6 7 1 -5 -5 2 2 -7 7 2 -7 4 8 -3 5 5 
-1 1 1 -3 1 6 7 6 5 -5 0 2 0 4 -4 3 
-3 -1 8 0 -2 4 1 -7 -2 1 3 0 1 1 -2 -2 
-3 0 -7 -5 4 -3 -1 2 -2 8 -3 0 5 4 -1 0 
3 3 -6 3 -3 -4 2 -6 4 -2 -2 1 -7 3 2 -3 
-5 6 8 -1 4 7 -1 6 -6 -1 1 -2 0 1 -4 -6 
4 1 6 5 1 0 6 2 2 -5 5 4 1 3 7 -2 
2 6 7 6 -2 -3 2 -2 5 8 6 -4 4 2 7 4 
2 4 8 2 7 -7 -6 -7 4 -6 -2 7 -7 -6 6 -4 

256
-68 -15 -55 -21 -87 -68 54 -78 44 16 -55 42 32 -47 28 123 
95 51 93 86 103 73 74 6 35 -28 -7 -6 -24 32 -100 -46 
-80 18 49 7 -27 -50 -83 -86 -15 -49 -15 61 92 -71 -60 -36 
-11 10 42 -33 -8 95 93 171 -16 24 61 -38 12 17 -15 95 
76 21 39 109 40 58 -57 -47 -19 -62 -91 55 -12 38 -91 25 
-110 26 -33 12 -57 -37 -31 -7 -30 -36 21 16 -52 7 -55 47 
99 64 -33 -111 -65 34 72 -15 75 -41 -77 75 159 9 89 26 
-114 -131 -24 34 148 127 122 53 -6 -71 11 -21 -56 -51 -58 4 
55 76 88 -62 -84 -31 -95 -117 -13 34 23 14 40 62 20 45 
-5 -6 -99 -48 60 34 123 166 43 57 -76 5 67 22 17 12 
15 79 43 102 -11 -1 18 -99 -32 -34 3 25 -87 7 -15 -49 
-85 -2 -11 -57 32 69 -8 52 -6 28 52 23 78 54 -23 -37 
69 -47 -8 -43 -71 -75 -40 1 4 -25 38 -19 -16 21 103 6 
-2 57 69 53 12 13 56 -62 42 17 -6 -89 5 -56 -38 -53 
12 30 51 29 92 -15 21 0 -11 -123 -18 106 -38 -18 51 -55 
22 32 54 4 -7 20 61 67 91 140 60 35 50 105 82 68 

64
95 93 103 74 44 42 32 123 
18 49 95 171 24 61 92 95 
76 109 58 -7 -19 55 38 47 
99 34 148 122 75 75 159 89 
76 88 60 166 57 23 67 45 
79 102 69 52 28 52 78 -15 
69 69 13 56 42 38 21 103 
32 54 92 67 140 106 105 82 

64
95 93 103 74 44 42 32 123 
18 49 95 171 24 61 92 95 
76 109 58 0 0 55 38 47 
99 34 148 122 75 75 159 89 
76 88 60 166 57 23 67 45 
79 102 69 52 28 52 78 0 
69 69 13 56 42 38 21 103 
32 54 92 67 140 106 105 82 

64
961 975 1796 1040 1748 872 1023 1592 
1687 2076 2028 1885 131 844 1943 1156 
1069 2938 2389 2135 1662 2728 2048 1784 
2244 1404 2749 1073 1833 1447 1716 762 
1732 2311 2380 2541 1125 1760 1910 913 
1776 1697 2128 1414 840 1125 1853 -31 
1735 1814 1092 2237 1618 2513 1513 1502 
892 497 772 491 1086 419 998 627 

64
961 975 1796 1040 1748 872 1023 1592 
1687 2076 2028 1885 131 844 1943 1156 
1069 2938 2389 2135 1662 2728 2048 1784 
2244 1404 2749 1073 1833 1447 1716 762 
1732 2311 2380 2541 1125 1760 1910 913 
1776 1697 2128 1414 840 1125 1853 0 
1735 1814 1092 2237 1618 2513 1513 1502 
892 497 772 491 1086 419 998 627 

64
-12748 -8676 -9427 3446 -3216 2518 -5532 309 
-22940 -15706 -16062 -10547 -10134 -26384 -19097 -2216 
-22287 -31987 -11721 -15590 -8673 -11312 -4485 -3842 
-22481 -18969 -32783 -11285 -23943 -19284 -20609 -6709 
-25661 -22286 -18413 -12183 -3820 -20744 -9106 776 
-22827 -18136 -24017 -16765 -19516 -20571 -19771 517 
-18320 -11343 -11280 -19900 -3834 -9980 -2649 -1439 
-10610 -10095 -10946 -10785 -15588 -11089 -17000 -5957 


256 
 1 7 4 7 -2 0 1 -3 -1 7 -7 2 6 0 5 4 
4 -1 -6 -1 -4 2 8 4 7 2 -2 6 -7 2 -6 3 
0 3 8 1 7 2 6 -6 -7 -1 8 7 0 -3 6 2 
0 -5 1 -5 -5 0 8 -5 -3 -2 4 0 -1 -7 -2 5 
-4 -1 -3 1 -7 6 -6 2 -3 1 7 3 6 2 5 -2 
2 -7 7 5 -3 8 1 5 6 -6 6 -3 7 -1 2 -5 
0 -5 -2 6 -3 0 5 3 -2 6 -5 2 7 2 7 8 
-5 4 -4 -5 -6 -2 -2 -1 7 7 -6 -6 -7 -2 5 0 
-6 -3 8 3 2 -2 -7 2 8 -4 8 4 3 3 5 -4 
2 2 4 -6 -2 4 -7 -3 8 -6 -6 -4 7 -1 -1 4 
3 3 0 -4 -4 -5 5 1 6 3 4 7 6 -1 -6 3 
-4 -2 -5 -6 -7 -1 -3 5 8 -7 0 8 4 1 0 3 
8 7 -1 5 -1 2 1 -1 -1 -1 -5 3 3 1 -5 -6 
0 0 -6 1 3 -7 8 -6 -5 2 2 7 -7 7 -4 -1 
-1 4 -2 -3 -1 6 -6 -7 -7 -4 -2 -1 -6 7 3 -7 
-5 6 -6 7 7 8 -1 0 1 0 0 -7 6 -3 3 -2 

256
-42 -51 -36 56 0 40 14 -43 -65 4 -35 -25 -28 1 -22 45 
-13 33 -100 -18 -75 -68 -19 -106 22 130 -94 23 -89 -8 -17 -57 
-15 -40 32 -5 25 4 18 -121 5 -49 -59 37 -69 44 21 60 
13 -28 36 -63 -3 -81 36 17 32 17 -3 -77 -11 -69 -22 -61 
9 5 110 0 -45 73 -35 -18 -22 -70 53 -88 49 -74 37 1 
33 -21 34 87 -152 135 -94 -5 9 -62 -10 -78 -6 -119 43 -100 
77 -34 -35 24 -62 43 -75 14 -15 -101 -20 -88 78 -47 14 -50 
-15 95 46 19 -68 -18 17 4 -104 54 -9 -10 -28 -118 -57 -73 
-20 9 -36 2 96 84 -43 5 33 -137 -1 103 48 -58 70 -41 
1 -47 35 -72 -11 107 27 -57 76 -122 35 -123 -64 -97 -3 8 
-22 -9 47 7 84 64 -1 1 11 -118 78 -19 4 -46 -45 27 
9 -43 -12 52 12 25 -11 -107 48 -81 -76 -11 -57 -47 -58 89 
-24 49 -3 123 -7 56 19 -72 67 -2 -18 -39 -91 44 -48 27 
-11 2 -128 24 33 -64 -4 34 35 72 -32 82 -62 99 -59 4 
-14 74 -35 87 -34 -77 63 0 39 33 -53 83 -108 49 6 -12 
-68 78 -77 -9 -52 64 -29 58 57 50 71 -8 -3 11 13 -42 

64
33 56 40 14 130 23 1 45 
13 36 25 36 32 37 44 60 
33 110 135 -5 9 53 49 43 
95 46 43 17 54 -9 78 14 
9 35 107 27 76 103 48 70 
9 52 84 1 48 78 4 89 
49 123 56 34 72 82 99 27 
78 87 64 63 57 83 49 13 

16
56 40 130 60 
110 135 54 78 
52 107 103 89 
123 64 83 99 

16
1263 1905 696 988 
491 1059 1781 693 
392 937 1629 687 
-1082 271 8 -70 

16
1263 1905 696 988 
491 1059 1781 693 
392 937 1629 687 
0 271 8 0 

16
1263 1905 696 988 
491 1059 1781 693 
392 937 1629 687 
0 271 8 0 

16
9941 20699 17800 -8146 
-682 -61 -6532 11765 
2339 -22896 9593 -33994 
12004 8390 -10353 25929 

16
73072 -155333 71836 238856 
-411223 -504192 613994 61215 
281447 -205786 -205403 -16249 
300724 35236 -38796 419904 


4 
 -2 -6 
-4 -1 

4
2 -18 
-36 3 

4
-65 102 
50 -59 

4
-242 646 
-789 834 

4
0 646 
0 834 

4
4816 -376 
1562 2150 

4
3756 18984 
14414 35086 

4
-274870 -97102 
149874 -101766 

4
0 0 
149874 0 

4
449622 899244 
-599496 149874 


64 
 -7 2 -4 8 1 0 -4 6 
2 8 8 3 0 -5 2 -5 
6 5 4 -7 1 -4 6 -4 
2 -5 3 -4 6 -2 -4 0 
4 2 8 1 -7 -5 2 -6 
6 3 5 0 2 -5 8 3 
-4 3 -4 5 1 -4 2 -2 
-7 5 8 4 -5 -3 6 0 

64
0 2 0 8 1 0 0 6 
2 8 8 3 0 0 2 0 
6 5 4 0 1 0 6 0 
2 0 3 0 6 0 0 0 
4 2 8 1 0 0 2 0 
6 3 5 0 2 0 8 3 
0 3 0 5 1 0 2 0 
0 5 8 4 0 0 6 0 

64
0 2 0 8 1 0 0 6 
2 8 8 3 0 0 2 0 
6 5 4 0 1 0 6 0 
2 0 3 0 6 0 0 0 
4 2 8 1 0 0 2 0 
6 3 5 0 2 0 8 3 
0 3 0 5 1 0 2 0 
0 5 8 4 0 0 6 0 

16
8 8 1 6 
6 4 6 6 
6 8 2 8 
5 8 1 6 

16
8 8 1 6 
6 4 6 6 
6 8 2 8 
5 8 1 6 

16
64 -16 -40 41 
32 12 -41 21 
60 -21 -6 26 
88 25 -88 71 

4
64 41 
88 71 

4
64 41 
88 71 

4
-416 121 
192 -237 

4
-5 -402 
-4402 -1892 

4
-4000 -19749 
25397 -11671 

4
120315 84029 
-113118 34741 

4
-756710 1107136 
-674596 2204597 


4 
 -5 4 
1 1 

4
0 4 
1 1 

4
34 3 
-19 -32 

4
8 -10 
-391 -12 

4
-3222 -1155 
-54 -293 

4
-18383 -13705 
21817 13336 

4
-208880 86256 
-85695 191122 

4
0 86256 
0 191122 


16 
 4 2 -7 1 
6 -4 7 -1 
-7 0 -5 8 
-4 5 0 0 

4
6 7 
5 8 

4
13 -75 
-14 -47 

4
168 -145 
91 -516 

4
168 0 
91 0 

4
168 0 
91 0 

4
-735 -791 
700 -280 

4
-7560 2086 
-2555 -4711 

4
0 2086 
0 0 

4
10430 -8344 
-2086 0 


64 
 2 4 1 -3 -5 4 3 5 
3 2 -1 4 -5 6 6 4 
-4 -7 0 6 -5 -7 6 3 
6 5 -7 4 -4 -1 8 7 
7 6 -2 4 -3 -1 4 -4 
6 1 -7 4 4 0 6 8 
-6 5 8 1 -6 2 8 0 
4 7 -6 3 -1 -5 6 2 

16
4 4 6 6 
6 6 -1 8 
7 4 4 8 
7 8 2 8 

4
6 8 
8 8 

4
-48 -116 
-26 -24 

4
428 -644 
470 -452 

4
428 0 
470 0 

4
-3466 3508 
-3718 1536 

4
4784 15156 
21442 -5966 

4
4784 15156 
21442 0 

4
4784 15156 
21442 0 

4
24866 -163050 
-57064 78890 

4
24866 0 
0 78890 

4
24866 0 
0 78890 


256 
 -1 1 -6 -5 2 -6 -4 2 1 -5 -5 8 6 -2 -6 8 
0 -2 3 -3 -2 -2 4 6 -6 8 5 -4 -6 6 1 7 
-5 4 0 8 1 -4 3 7 0 4 -6 7 8 -3 4 -2 
-7 2 -2 7 -2 -1 7 -7 -5 -4 -2 -4 5 -1 -5 8 
4 7 -3 -6 5 -2 4 0 4 4 -7 -4 -6 7 0 -1 
7 8 -4 1 5 4 3 6 -6 -4 -2 6 -4 2 5 -7 
4 -4 -7 5 1 -1 2 0 2 -3 -2 -6 6 -2 5 0 
-4 -5 6 3 0 -2 -6 -1 8 0 1 -5 6 0 -5 3 
5 -4 3 -1 1 3 1 -4 2 6 -6 4 -5 -2 -5 8 
2 -1 2 4 2 1 -1 3 1 -3 5 -5 -6 -4 0 5 
3 4 0 6 -5 1 2 7 4 -6 -4 -2 -2 6 -1 2 
-4 4 6 -2 -4 8 4 4 1 6 1 -5 3 8 0 -7 
-7 0 0 0 4 8 8 7 6 2 -2 3 -7 2 7 -4 
-5 -7 0 -3 -1 3 8 7 -1 2 -5 8 1 3 4 5 
-3 2 -5 -6 -1 7 -5 2 -6 -3 2 0 3 -2 1 -7 
-7 8 6 3 4 5 2 2 -5 6 -4 -4 -1 8 -5 -5 

256
-2 -16 -22 -7 1 -54 34 66 -44 8 54 45 -52 -14 12 99 
-36 25 0 46 48 -39 78 69 -35 74 -32 34 23 0 15 68 
-54 37 8 50 -27 -14 103 -31 -105 27 -80 4 36 11 -41 27 
-10 116 -37 9 -60 -3 70 -66 -18 36 -74 21 -32 -52 33 18 
58 107 -84 26 25 19 66 -25 26 -22 -48 38 22 28 -2 5 
76 -34 -140 59 81 -37 39 -22 -36 -28 -33 20 6 78 -16 -45 
-2 -106 -27 100 -11 -38 -44 -22 1 12 18 -9 31 12 -4 -51 
12 -43 74 37 -39 -9 1 1 48 -10 -22 6 66 -91 -24 45 
16 -20 79 -18 12 14 -21 35 67 -61 -11 -11 -39 -64 -10 118 
34 -19 54 28 -22 -5 -5 48 45 -38 -56 -24 -60 68 28 77 
0 10 46 4 -88 62 42 68 -30 -23 44 -65 43 109 8 -20 
-44 27 -20 -28 -14 140 46 54 9 4 -12 18 17 49 -40 -35 
-66 13 -19 -50 27 89 25 42 -21 -3 -72 33 14 67 -9 -24 
-66 43 -6 -55 10 65 -21 -33 -92 -54 -19 74 -36 53 20 -87 
-60 67 46 12 77 68 -29 -4 -110 57 -20 16 -48 29 -34 -81 
-18 94 -24 14 48 28 -60 24 -40 66 -26 -14 34 4 -48 -20 


64 
 -4 2 4 -6 1 -1 6 -5 
8 3 6 8 7 1 1 -7 
-6 5 2 -3 0 0 2 -4 
3 7 7 0 -2 -7 -7 8 
-5 -6 0 -3 3 6 5 5 
4 -3 3 -5 1 0 6 -6 
-7 0 -2 -3 -6 -7 4 6 
-4 5 2 7 4 7 5 3 

16
8 8 7 6 
7 7 0 8 
4 3 6 6 
5 7 7 6 

16
8 8 7 6 
7 7 0 8 
4 3 6 6 
5 7 7 6 

16
26 48 87 4 
-55 -15 -72 12 
-55 -26 25 -9 
-14 -4 -24 -6 

4
48 87 
-4 25 

4
-121 427 
-966 10 

4
-3502 -3120 
-4755 -330 


64 
 -1 5 0 -1 -1 -2 0 -7 
-6 -6 -2 0 2 -7 3 7 
3 5 4 -6 -7 4 0 -5 
2 4 -5 0 8 8 -5 -2 
-1 -5 0 -5 8 -6 -6 -5 
2 4 5 5 8 -6 7 3 
0 2 5 -1 5 8 0 1 
-4 7 5 -1 -6 -2 -5 -5 

16
5 0 2 7 
5 4 8 0 
4 5 8 7 
7 5 8 1 

16
5 0 2 7 
5 4 8 0 
4 5 8 7 
7 5 8 1 

16
65 162 212 74 
-10 11 83 31 
85 63 98 21 
-70 -50 -57 -22 

16
-732 -1408 -645 -703 
908 -13 -128 -288 
-292 514 -257 217 
391 1030 174 311 

16
0 0 0 0 
908 0 0 0 
0 514 0 217 
391 1030 174 311 

16
0 0 0 0 
908 0 0 0 
0 514 0 217 
391 1030 174 311 

16
4540 -3632 0 0 
2758 4386 -3575 1085 
-2411 6874 -3965 2378 
8395 9368 5933 2959 

16
4540 0 0 0 
2758 4386 0 1085 
0 6874 0 2378 
8395 9368 5933 2959 

16
-48020 17472 24146 -6510 
-22690 -28466 60634 -19693 
-48264 -27884 75234 9209 
-19467 12286 62389 27937 

16
165370 -105090 -224293 330892 
-41262 -154380 -423194 585790 
177960 -265466 -329452 656347 
187328 -409265 -140195 494618 

4
165370 585790 
187328 656347 


64 
 6 -6 1 -2 6 -1 -1 -6 
-2 -4 7 6 3 4 7 8 
-6 -6 -7 -4 5 2 2 -7 
3 5 -6 -2 -5 5 -3 -4 
-1 -6 5 5 5 -1 1 2 
-4 8 -2 -6 3 -5 1 -1 
-5 1 -4 2 2 6 2 1 
-6 6 0 -1 1 3 0 -7 

64
6 0 1 0 6 0 0 0 
0 0 7 6 3 4 7 8 
0 0 0 0 5 2 2 0 
3 5 0 0 0 5 0 0 
0 0 5 5 5 0 1 2 
0 8 0 0 3 0 1 0 
0 1 0 2 2 6 2 1 
0 6 0 0 1 3 0 0 

64
-18 46 19 86 48 58 66 40 
-18 17 0 -7 -9 58 23 -8 
24 -21 -11 -20 -12 -58 -31 -31 
11 15 20 35 25 10 2 2 
14 -14 64 23 -46 19 -2 2 
38 -51 -20 -25 19 10 34 7 
0 -39 48 -7 25 -16 19 -4 
19 -21 -11 -12 -29 -39 -17 -5 

16
46 86 58 66 
24 35 25 2 
38 64 19 34 
19 48 25 19 

16
-274 -293 -254 -269 
-159 -61 210 60 
-299 -172 188 64 
-538 -638 -335 -256 

4
-61 210 
-172 188 


16 
 1 4 2 -6 
2 -4 0 1 
-4 -6 -4 4 
-3 -6 1 7 

4
4 2 
-3 7 

4
27 -18 
52 -37 

4
27 0 
52 0 

4
27 0 
52 0 

4
233 389 
164 233 

4
1203 -1477 
3402 487 

4
3378 18677 
-31603 12959 

4
166560 -122252 
-193128 32352 

4
166560 0 
0 32352 

4
166560 0 
0 32352 


256 
 -4 1 -2 -6 3 5 -2 -4 3 1 2 1 -3 6 -2 -4 
5 -1 -5 6 3 8 -3 5 0 -3 -6 -4 7 3 8 -5 
4 -1 2 6 3 6 6 8 4 -7 -3 1 5 -7 -3 6 
4 0 0 6 -3 -3 3 -4 5 -4 -1 -4 8 6 5 8 
-6 6 -7 -3 5 1 -4 -3 5 -4 1 6 2 2 1 -1 
0 -7 -3 -6 6 -1 0 5 -3 6 -6 -1 2 0 5 -5 
-1 -5 -7 7 -3 0 -1 7 2 3 8 -1 -5 -7 1 -7 
8 -5 -3 6 -1 -7 3 1 5 2 -7 -4 -7 3 6 8 
-2 -7 -7 -6 -3 4 4 -7 6 3 0 0 0 1 7 7 
-6 1 -5 1 -7 2 8 -1 1 3 7 0 6 8 0 -7 
3 -3 5 4 -7 -2 -2 -3 -5 -2 8 4 7 -3 -4 -4 
2 5 -1 4 1 7 -4 -3 8 -4 -5 -7 0 -6 6 4 
0 -2 8 -7 -4 -6 5 7 -1 -5 -3 0 -2 1 2 -7 
-5 -6 -4 7 8 4 0 2 3 4 -2 8 2 -7 5 -5 
1 0 -5 -6 -3 -1 7 -7 -4 -3 -6 -4 0 3 2 6 
8 5 8 -6 -2 8 6 0 -4 2 5 8 -1 -6 2 -7 

256
0 1 0 0 3 5 0 0 3 1 2 1 0 6 0 0 
5 0 0 6 3 8 0 5 0 0 0 0 7 3 8 0 
4 0 2 6 3 6 6 8 4 0 0 1 5 0 0 6 
4 0 0 6 0 0 3 0 5 0 0 0 8 6 5 8 
0 6 0 0 5 1 0 0 5 0 1 6 2 2 1 0 
0 0 0 0 6 0 0 5 0 6 0 0 2 0 5 0 
0 0 0 7 0 0 0 7 2 3 8 0 0 0 1 0 
8 0 0 6 0 0 3 1 5 2 0 0 0 3 6 8 
0 0 0 0 0 4 4 0 6 3 0 0 0 1 7 7 
0 1 0 1 0 2 8 0 1 3 7 0 6 8 0 0 
3 0 5 4 0 0 0 0 0 0 8 4 7 0 0 0 
2 5 0 4 1 7 0 0 8 0 0 0 0 0 6 4 
0 0 8 0 0 0 5 7 0 0 0 0 0 1 2 0 
0 0 0 7 8 4 0 2 3 4 0 8 2 0 5 0 
1 0 0 0 0 0 7 0 0 0 0 0 0 3 2 6 
8 5 8 0 0 8 6 0 0 2 5 8 0 0 2 0 

64
5 6 8 5 3 2 7 8 
4 6 6 8 5 1 8 8 
6 0 6 5 6 6 2 5 
8 7 0 7 5 8 3 8 
1 1 4 8 6 7 8 7 
5 5 7 0 8 8 7 6 
0 8 8 7 4 8 2 5 
8 8 8 7 2 8 3 6 

16
6 8 5 8 
8 7 8 8 
5 8 8 8 
8 8 8 6 

16
157 272 -52 23 
330 40 387 318 
53 97 71 137 
184 162 205 -81 

16
4477 3100 1444 4657 
3207 -1469 4050 615 
245 3858 1952 -3158 
2200 489 -456 -2949 

16
4477 3100 1444 4657 
3207 0 4050 615 
245 3858 1952 0 
2200 489 0 0 

16
4477 3100 1444 4657 
3207 0 4050 615 
245 3858 1952 0 
2200 489 0 0 

16
4477 3100 1444 4657 
3207 0 4050 615 
245 3858 1952 0 
2200 489 0 0 

16
-20405 30823 -8696 -10885 
38319 -11852 -12404 411 
-9480 -7216 11719 -14394 
16601 14646 -17823 -9760 

16
-240038 396655 86064 488550 
-477578 101969 137268 -647814 
399499 341531 302120 -557670 
64387 -118334 252050 -331709 

4
396655 488550 
399499 302120 

4
-3781513 794295 
3277113 976896 


64 
 -4 7 5 4 3 6 5 -7 
5 6 7 -2 -2 7 -6 8 
7 -2 -7 2 -6 4 -1 -3 
-6 -2 -2 0 4 -5 -2 -5 
4 -5 -6 6 -4 -4 -6 -4 
2 -6 6 -4 -3 -6 5 -2 
5 3 -4 1 5 -3 5 5 
0 4 5 7 0 -6 4 4 

64
-26 20 -16 -21 -36 67 -118 -37 
71 108 26 42 48 124 -51 25 
99 34 33 -5 36 63 8 52 
41 -9 -58 52 -15 12 17 -13 
-15 -140 63 74 -27 -80 -17 -26 
-25 -79 29 -66 -34 -100 -26 -81 
-17 -67 -65 -7 -38 -74 77 -37 
65 28 -9 30 -50 -3 135 23 

64
460 767 58 262 218 995 -557 251 
554 118 416 -125 -396 1066 131 -566 
81 744 143 599 -318 1181 676 -378 
246 -504 965 587 -416 -132 183 73 
88 -95 -178 -646 138 -882 190 -555 
571 -1434 -1544 919 587 -1055 229 -596 
787 -468 -237 408 -525 -617 661 -457 
267 -62 -694 -293 169 -947 -25 391 

64
460 767 58 262 218 995 0 251 
554 118 416 0 0 1066 131 0 
81 744 143 599 0 1181 676 0 
246 0 965 587 0 0 183 73 
88 0 0 0 138 0 190 0 
571 0 0 919 587 0 229 0 
787 0 0 408 0 0 661 0 
267 0 0 0 169 0 0 391 

64
1216 -4697 -2494 -1806 -3210 -238 -9212 -164 
-2291 -2903 -9215 -3103 -9267 -1723 -13599 -4743 
1675 -5597 -4546 -7250 -4011 4915 -3066 -3041 
-101 1261 2125 -546 -3829 -1045 -1371 -2829 
-632 -5630 -4217 -5840 -8367 -5333 222 -2276 
227 -6827 -202 2977 -2795 -4487 -445 -5465 
2398 -4585 -103 711 -2405 -1264 257 -2562 
1588 -2108 -408 746 -309 -999 1443 -149 


64 
 -6 -3 6 -3 8 -2 8 3 
1 -2 -6 -3 -6 2 -7 1 
-1 6 1 3 -2 -1 2 -7 
-2 -4 -7 -2 7 6 5 -4 
-5 7 -7 2 6 6 -6 6 
-1 1 1 -6 -7 1 6 -5 
1 -6 6 3 -7 -6 -3 -1 
6 5 -4 0 7 -5 -5 1 

64
-7 -13 20 -80 -2 -56 19 -38 
-2 53 42 -21 1 -59 -13 -59 
-16 33 -26 -10 -2 95 108 41 
-48 16 -49 -118 4 111 66 -57 
-50 86 31 41 -72 -88 -47 32 
9 9 -59 118 -44 -117 -51 -16 
26 29 50 -4 77 79 -73 -79 
21 28 10 -59 53 56 18 27 

64
0 0 20 0 0 0 19 0 
0 53 42 0 1 0 0 0 
0 33 0 0 0 95 108 41 
0 16 0 0 4 111 66 0 
0 86 31 41 0 0 0 32 
9 9 0 118 0 0 0 0 
26 29 50 0 77 79 0 0 
21 28 10 0 53 56 18 27 

16
53 42 1 19 
33 0 111 108 
86 118 0 32 
29 50 79 27 

4
53 111 
118 79 

4
205 -490 
-578 -424 

4
3393 -6152 
1487 2994 

4
3393 0 
1487 2994 


16 
 -2 -3 6 5 
-4 -5 -4 6 
-1 -3 8 -6 
1 5 -1 5 

16
0 0 6 5 
0 0 0 6 
0 0 8 0 
1 5 0 5 

4
0 6 
5 8 

4
0 6 
5 8 

4
-9 73 
23 4 

4
0 73 
23 4 

4
80 -403 
-161 437 

4
-912 -4660 
-1495 3909 

4
-3895 4585 
-5565 -10633 

4
23858 70936 
-73860 -100744 

4
23858 70936 
0 0 


16 
 8 -6 -1 7 
-2 -2 3 -1 
-5 -4 3 6 
-3 -6 6 -4 

16
8 0 0 7 
0 0 3 0 
0 0 3 6 
0 0 6 0 


64 
 7 1 -2 -6 6 3 8 -5 
-1 2 3 8 -6 -2 -2 3 
1 0 1 -4 4 6 2 5 
4 2 2 6 -6 8 4 4 
8 7 5 3 -1 -4 -6 3 
6 0 -1 -7 0 1 0 -2 
-6 -6 -6 1 5 -4 6 5 
1 6 6 -3 -5 2 -1 -4 

16
7 8 6 8 
4 6 8 5 
8 5 1 3 
6 6 5 6 

16
81 100 101 58 
81 196 228 84 
92 136 120 54 
113 157 153 57 

16
81 100 101 58 
81 196 228 84 
92 136 120 54 
113 157 153 57 

16
1183 4882 -2197 5223 
1565 -606 1111 -1178 
2657 1997 1521 1740 
2638 2832 -1343 -1220 


256 
 2 1 -4 1 -5 -6 -5 5 -7 -7 5 1 7 -5 7 8 
3 0 -4 2 2 -2 -5 8 -6 -2 -6 -1 4 3 2 -1 
-7 -5 3 -5 -3 -4 -1 -3 1 7 2 -5 8 -2 2 1 
-7 5 8 -7 -4 -2 -2 6 -1 8 5 4 -3 -1 -3 0 
-7 6 6 -5 1 7 3 4 -7 -7 -5 -4 -7 1 3 -2 
-5 8 -5 -7 -2 2 6 -7 3 -4 0 -4 5 -4 7 -7 
-1 3 0 3 -2 6 4 5 8 -5 -1 0 0 -5 -1 -1 
3 2 6 -4 -6 -2 -5 -4 7 8 -3 2 -5 -7 -5 -5 
-2 0 1 1 -1 3 1 4 7 3 -5 5 3 8 5 2 
-2 4 6 7 -3 0 4 3 7 3 1 -7 7 -3 7 -6 
-7 -5 1 3 -2 6 -2 -2 5 3 6 7 6 -2 5 -4 
-3 1 -1 4 -6 7 1 -4 7 3 -1 -4 -3 4 -5 -6 
7 -6 2 1 -1 -1 2 -7 -6 -4 -4 -1 4 -5 0 -3 
2 -4 6 2 -6 8 8 -7 0 -4 7 -1 8 -5 -5 -7 
7 -1 7 0 -2 7 -4 5 -6 3 -1 0 -1 -2 2 -6 
3 5 -7 -1 3 7 -5 -6 -6 3 3 -5 5 -6 -7 -2 

64
3 2 2 8 -2 5 7 8 
5 8 -2 6 8 5 8 2 
8 6 7 6 3 0 5 7 
3 6 6 5 8 2 0 -1 
4 7 3 4 7 5 8 7 
1 4 7 1 7 7 6 5 
7 6 8 8 0 7 8 0 
7 7 7 5 3 3 5 2 

16
8 8 8 8 
8 7 8 7 
7 7 7 8 
7 8 7 8 

4
8 8 
8 8 

4
24 -40 
72 8 

4
24 72 
-552 576 

4
-6048 1800 
5712 1488 

4
0 1800 
5712 1488 


64 
 4 7 -4 4 -3 -7 4 -3 
0 1 -4 3 5 -7 -1 7 
-2 -6 7 2 -7 6 -4 3 
5 -5 3 6 -4 1 8 8 
-6 6 -4 8 8 -2 8 7 
0 -6 -3 8 6 -1 0 1 
-3 -1 4 1 7 0 3 -4 
-2 -2 4 5 1 -5 -3 4 

64
42 10 20 42 -58 -64 47 18 
22 -22 26 -37 -60 43 4 20 
-34 -51 83 50 -93 5 153 -3 
-21 75 80 4 2 40 99 65 
-66 -47 159 62 -8 95 114 14 
7 11 27 150 1 7 55 -57 
-71 -4 146 104 -61 -36 47 14 
-24 43 42 61 5 -47 -40 -15 

64
316 -218 713 -52 -463 499 -576 284 
-69 -691 49 385 -630 -544 1074 -1068 
-804 73 25 -178 48 -399 -248 340 
413 -871 817 -237 -785 -163 -89 -501 
-338 -375 -1358 1165 -544 -460 537 -609 
-26 -715 97 -194 -502 -621 -317 -248 
-511 134 -690 -27 -23 -323 37 399 
354 -254 -387 -238 186 -11 -344 -296 

64
316 0 713 0 0 499 0 284 
0 0 49 385 0 0 1074 0 
0 73 25 0 48 0 0 340 
413 0 817 0 0 0 0 0 
0 0 0 1165 0 0 537 0 
0 0 97 0 0 0 0 0 
0 134 0 0 0 0 37 399 
354 0 0 0 186 0 0 0 

16
316 713 499 1074 
413 817 48 340 
0 1165 0 537 
354 0 186 399 

16
-15199 20586 -17677 4725 
2961 -254 2281 14104 
-11740 11356 2461 -6364 
10165 19904 5418 22930 

16
146851 206234 -81978 420038 
-294120 66549 610640 330675 
-146396 416409 -38359 -156221 
361902 780185 -14891 -247485 

4
206234 610640 
780185 -14891 

4
2797618 8036789 
-3754177 -1625678 

4
2797618 8036789 
0 0 

4
2797618 8036789 
0 0 


4 
 3 0 
-6 5 

4
-38 46 
69 -23 

4
0 46 
69 0 

4
437 414 
-437 184 

4
437 414 
0 184 

4
437 414 
0 184 

4
1058 782 
575 -2737 

4
1058 782 
575 0 

4
1058 782 
575 0 

4
1058 782 
575 0 

4
5175 14904 
3151 -4094 


64 
 -1 2 5 -1 -6 8 -7 0 
-7 5 -3 -2 8 8 2 1 
1 7 1 -5 -6 8 -1 1 
-5 3 -7 3 2 -1 6 6 
1 2 1 4 -6 -4 1 5 
-5 4 -5 -7 6 6 7 4 
5 0 -1 5 -7 0 1 4 
1 -4 6 7 8 2 1 -2 

64
0 2 5 0 0 8 0 0 
0 5 0 0 8 8 2 1 
1 7 1 0 0 8 0 1 
0 3 0 3 2 0 6 6 
1 2 1 4 0 0 1 5 
0 4 0 0 6 6 7 4 
5 0 0 5 0 0 1 4 
1 0 6 7 8 2 1 0 

16
5 5 8 2 
7 3 8 6 
4 4 6 7 
5 7 8 4 

4
7 8 
7 8 

4
-27 4 
63 -40 

4
480 -410 
85 -175 


256 
 -3 2 4 3 -7 1 3 2 8 3 6 7 -5 -2 0 8 
1 6 1 -7 2 2 -2 0 2 3 -5 3 3 -7 1 7 
2 -2 -6 -1 -5 -3 3 -5 -1 3 7 5 -4 1 -5 7 
-7 8 3 -7 1 -7 8 -6 -7 6 -1 3 -2 2 7 7 
2 7 -2 4 3 1 -2 -3 -3 5 4 -7 5 5 -3 0 
-1 -2 -3 8 7 -1 5 2 -4 3 5 -7 -7 8 4 -3 
0 7 -3 -7 0 1 -7 -6 0 7 0 1 8 -2 -4 -2 
7 1 -2 -1 1 -2 0 -1 8 -2 8 7 6 0 3 6 
-2 4 -2 6 -5 6 -5 -1 -2 -7 8 -7 -4 7 -4 6 
-6 2 1 -1 -4 8 7 -4 3 3 8 3 6 6 2 7 
2 -7 -4 -4 -3 4 5 -2 -4 5 -7 3 -5 0 -2 -2 
6 7 -7 -7 -5 5 4 5 -3 -5 3 7 3 -5 2 -3 
2 2 -2 -6 -3 -7 -3 3 6 -2 0 4 -6 -2 2 5 
0 1 2 3 -1 -3 0 5 -2 7 -4 4 3 -3 6 1 
7 -4 -2 -7 6 -1 4 -2 3 1 -3 1 8 -2 0 -4 
6 0 -3 4 7 -1 1 7 8 -1 8 -4 -7 -6 7 -5 

64
6 4 2 3 8 7 3 8 
8 3 1 8 6 7 2 7 
7 8 7 5 5 5 8 4 
7 -1 1 0 8 8 8 6 
4 6 8 7 3 8 7 7 
7 -4 5 5 5 7 3 2 
2 3 -1 5 7 4 3 6 
7 4 7 7 8 8 8 7 

16
8 8 8 8 
8 7 8 8 
7 8 8 7 
7 7 8 8 

4
8 8 
8 8 

4
8 8 
8 8 

4
8 80 
48 80 


4 
 4 4 
5 -7 

4
63 -14 
5 18 

4
63 0 
5 18 

4
469 -191 
308 -533 

4
469 0 
308 0 


4 
 -5 3 
7 7 

4
40 26 
-31 4 

4
20 -229 
129 54 


16 
 -2 6 -5 2 
1 -1 0 7 
-1 6 7 -3 
-3 4 2 -7 

16
0 6 0 2 
1 0 0 7 
0 6 7 0 
0 4 2 0 

16
0 6 0 2 
1 0 0 7 
0 6 7 0 
0 4 2 0 

16
64 -25 74 -69 
54 105 52 51 
31 94 124 -6 
17 -37 91 -105 


16 
 -2 4 0 0 
4 -2 -6 3 
-5 -6 7 2 
2 -3 1 -4 

4
4 3 
2 7 

4
-23 92 
18 63 

4
-414 -12 
517 747 

4
3788 712 
-283 -8129 

4
41888 42852 
-10391 53774 

4
370024 364984 
-170986 565509 

4
370024 364984 
0 565509 


4 
 -5 8 
6 -5 

4
17 43 
-25 -32 

4
-103 138 
375 -126 

4
1514 -713 
1117 -767 

4
2296 9183 
2550 -2215 

4
3403 59801 
-59953 -82763 

4
154900 -298906 
261155 -893817 

4
-4307920 6147339 
1167039 3241713 

4
-9168033 -35697640 
-23321073 -11805019 

4
-239397365 236928983 
-334107336 -70531470 

4
2715739076 -1971748059 
2986255739 -1602625465 

4
-6122638881 33858883796 
-7257644650 -13250911416 


256 
 -1 -6 2 -2 -6 2 -5 8 7 1 -6 -3 -5 -7 0 0 
4 4 -5 5 -7 -2 4 2 6 -1 1 8 1 -5 -4 0 
-7 8 -4 0 -6 0 2 -7 -2 5 -3 -5 4 -5 7 -6 
-4 5 7 2 0 1 7 -4 -4 -4 -5 0 -4 -2 -1 3 
1 0 -2 7 7 3 8 -1 2 -2 -4 2 2 -3 2 -5 
5 -7 -3 1 1 5 3 -3 -3 -4 -4 4 5 -5 7 -4 
-7 4 1 -3 2 5 2 -4 -1 6 3 6 -1 5 3 -6 
8 8 -1 -1 4 6 -6 -1 2 -6 -5 -2 -1 6 3 8 
-6 2 7 5 4 7 5 1 1 4 4 7 -1 -3 1 6 
-7 -4 3 -3 2 5 -5 -4 -2 6 -1 -1 0 -5 7 1 
-7 -5 0 -6 -4 2 -5 -6 -3 7 -2 3 7 6 -5 -3 
-2 8 -7 4 5 -1 3 7 -3 -5 6 8 -6 3 -4 -3 
-2 4 -2 8 -3 8 -7 -7 1 6 1 -7 1 -2 -4 -6 
2 5 3 -6 0 -6 -7 1 -2 5 -4 5 -2 -4 3 8 
3 7 3 -3 3 -6 2 -7 -3 6 6 6 -2 3 -7 7 
-5 3 -7 0 5 2 4 -2 -6 -1 0 3 1 -1 -2 5 

256
0 0 2 0 0 2 0 8 7 1 0 0 0 0 0 0 
4 4 0 5 0 0 4 2 6 0 1 8 1 0 0 0 
0 8 0 0 0 0 2 0 0 5 0 0 4 0 7 0 
0 5 7 2 0 1 7 0 0 0 0 0 0 0 0 3 
1 0 0 7 7 3 8 0 2 0 0 2 2 0 2 0 
5 0 0 1 1 5 3 0 0 0 0 4 5 0 7 0 
0 4 1 0 2 5 2 0 0 6 3 6 0 5 3 0 
8 8 0 0 4 6 0 0 2 0 0 0 0 6 3 8 
0 2 7 5 4 7 5 1 1 4 4 7 0 0 1 6 
0 0 3 0 2 5 0 0 0 6 0 0 0 0 7 1 
0 0 0 0 0 2 0 0 0 7 0 3 7 6 0 0 
0 8 0 4 5 0 3 7 0 0 6 8 0 3 0 0 
0 4 0 8 0 8 0 0 1 6 1 0 1 0 0 0 
2 5 3 0 0 0 0 1 0 5 0 5 0 0 3 8 
3 7 3 0 3 0 2 0 0 6 6 6 0 3 0 7 
0 3 0 0 5 2 4 0 0 0 0 3 1 0 0 5 

256
0 0 2 0 0 2 0 8 7 1 0 0 0 0 0 0 
4 4 0 5 0 0 4 2 6 0 1 8 1 0 0 0 
0 8 0 0 0 0 2 0 0 5 0 0 4 0 7 0 
0 5 7 2 0 1 7 0 0 0 0 0 0 0 0 3 
1 0 0 7 7 3 8 0 2 0 0 2 2 0 2 0 
5 0 0 1 1 5 3 0 0 0 0 4 5 0 7 0 
0 4 1 0 2 5 2 0 0 6 3 6 0 5 3 0 
8 8 0 0 4 6 0 0 2 0 0 0 0 6 3 8 
0 2 7 5 4 7 5 1 1 4 4 7 0 0 1 6 
0 0 3 0 2 5 0 0 0 6 0 0 0 0 7 1 
0 0 0 0 0 2 0 0 0 7 0 3 7 6 0 0 
0 8 0 4 5 0 3 7 0 0 6 8 0 3 0 0 
0 4 0 8 0 8 0 0 1 6 1 0 1 0 0 0 
2 5 3 0 0 0 0 1 0 5 0 5 0 0 3 8 
3 7 3 0 3 0 2 0 0 6 6 6 0 3 0 7 
0 3 0 0 5 2 4 0 0 0 0 3 1 0 0 5 

256
0 0 2 0 0 2 0 8 7 1 0 0 0 0 0 0 
4 4 0 5 0 0 4 2 6 0 1 8 1 0 0 0 
0 8 0 0 0 0 2 0 0 5 0 0 4 0 7 0 
0 5 7 2 0 1 7 0 0 0 0 0 0 0 0 3 
1 0 0 7 7 3 8 0 2 0 0 2 2 0 2 0 
5 0 0 1 1 5 3 0 0 0 0 4 5 0 7 0 
0 4 1 0 2 5 2 0 0 6 3 6 0 5 3 0 
8 8 0 0 4 6 0 0 2 0 0 0 0 6 3 8 
0 2 7 5 4 7 5 1 1 4 4 7 0 0 1 6 
0 0 3 0 2 5 0 0 0 6 0 0 0 0 7 1 
0 0 0 0 0 2 0 0 0 7 0 3 7 6 0 0 
0 8 0 4 5 0 3 7 0 0 6 8 0 3 0 0 
0 4 0 8 0 8 0 0 1 6 1 0 1 0 0 0 
2 5 3 0 0 0 0 1 0 5 0 5 0 0 3 8 
3 7 3 0 3 0 2 0 0 6 6 6 0 3 0 7 
0 3 0 0 5 2 4 0 0 0 0 3 1 0 0 5 

256
0 0 2 0 0 2 0 8 7 1 0 0 0 0 0 0 
4 4 0 5 0 0 4 2 6 0 1 8 1 0 0 0 
0 8 0 0 0 0 2 0 0 5 0 0 4 0 7 0 
0 5 7 2 0 1 7 0 0 0 0 0 0 0 0 3 
1 0 0 7 7 3 8 0 2 0 0 2 2 0 2 0 
5 0 0 1 1 5 3 0 0 0 0 4 5 0 7 0 
0 4 1 0 2 5 2 0 0 6 3 6 0 5 3 0 
8 8 0 0 4 6 0 0 2 0 0 0 0 6 3 8 
0 2 7 5 4 7 5 1 1 4 4 7 0 0 1 6 
0 0 3 0 2 5 0 0 0 6 0 0 0 0 7 1 
0 0 0 0 0 2 0 0 0 7 0 3 7 6 0 0 
0 8 0 4 5 0 3 7 0 0 6 8 0 3 0 0 
0 4 0 8 0 8 0 0 1 6 1 0 1 0 0 0 
2 5 3 0 0 0 0 1 0 5 0 5 0 0 3 8 
3 7 3 0 3 0 2 0 0 6 6 6 0 3 0 7 
0 3 0 0 5 2 4 0 0 0 0 3 1 0 0 5 

256
32 -4 52 12 -4 44 12 82 88 56 70 8 0 0 0 0 
80 58 10 42 40 4 72 43 127 74 -4 84 54 62 0 0 
36 120 113 -10 38 72 14 62 -10 71 68 -13 70 16 66 42 
30 0 172 110 34 66 44 70 25 -10 46 36 -8 75 -20 60 
31 31 20 74 135 101 58 86 12 12 28 48 24 64 27 6 
60 44 33 41 85 122 50 76 44 36 50 20 102 62 38 54 
46 52 35 37 79 49 66 46 -12 30 62 71 88 113 98 60 
68 149 110 40 89 112 70 16 74 47 116 6 49 43 110 84 
20 54 92 100 102 68 106 44 48 34 34 66 72 57 72 44 
10 25 41 66 75 77 67 33 68 54 111 66 90 -9 68 42 
64 15 26 68 17 38 98 0 16 78 136 4 72 113 27 40 
16 48 104 14 128 20 16 68 125 -18 77 121 76 48 54 0 
72 32 76 65 46 93 85 2 76 70 110 24 69 24 82 0 
78 52 112 26 88 0 46 11 72 77 102 41 52 0 58 66 
49 71 84 70 34 46 17 10 19 14 139 70 60 33 78 44 
23 37 54 23 20 62 32 36 30 18 48 40 75 0 43 16 

64
80 52 44 82 127 84 62 0 
120 172 72 70 71 68 75 66 
60 74 135 86 44 50 102 54 
149 110 112 70 74 116 113 110 
54 100 102 106 68 111 90 72 
64 104 128 98 125 136 113 54 
78 112 93 85 77 110 69 82 
71 84 62 36 30 139 75 78 

64
80 52 44 82 127 84 62 0 
120 172 72 70 71 68 75 66 
60 74 135 86 44 50 102 54 
149 110 112 70 74 116 113 110 
54 100 102 106 68 111 90 72 
64 104 128 98 125 136 113 54 
78 112 93 85 77 110 69 82 
71 84 62 36 30 139 75 78 

16
172 82 127 75 
149 135 116 113 
104 128 136 113 
112 93 139 82 

16
2016 2049 2050 913 
2720 3485 3016 2021 
2548 3621 3297 1904 
1803 2286 2241 899 

16
-25370 2882 13800 24670 
-31795 2804 14519 27339 
-21813 -755 16241 19558 
-4756 1868 4073 6256 


4 
 8 -2 
-7 -7 

4
43 -111 
-4 -72 


64 
 8 -7 -2 -4 -2 8 1 -7 
3 -6 -5 -7 5 8 -7 3 
-5 -3 -6 7 0 0 2 6 
6 -2 6 -4 6 -2 -5 -3 
-7 2 4 4 4 -7 8 1 
8 6 1 2 -4 -1 0 8 
-5 7 -1 2 8 6 -4 1 
6 -3 -6 1 4 6 1 -3 

64
28 -19 72 25 -35 7 -1 -41 
-34 -20 33 -34 124 -8 -169 32 
-95 -11 -55 135 9 -77 52 35 
42 -84 87 -79 13 4 -2 -13 
-109 41 -55 28 -1 -96 39 -53 
66 -9 -14 -13 -153 68 20 -8 
-22 40 -17 -51 -26 -35 25 14 
92 -47 -6 90 19 -77 -22 -5 

16
28 72 124 32 
42 135 13 52 
66 28 68 39 
92 90 19 25 


16 
 -6 6 8 -4 
7 4 0 6 
0 -5 -2 7 
8 -3 5 5 

16
0 6 8 0 
7 4 0 6 
0 0 0 7 
8 0 5 5 

16
0 6 8 0 
7 4 0 6 
0 0 0 7 
8 0 5 5 

16
113 -1 57 -54 
0 33 78 -34 
-24 143 246 121 
158 -53 -12 -97 

16
-476 348 -98 611 
-886 -697 -359 1543 
1256 1458 -20 210 
-214 787 -1515 -721 

4
348 1543 
1458 210 

4
7612 13829 
17520 -3332 

4
46851 -70581 
25138 -17073 

4
-515236 -431165 
630252 -439534 

4
0 0 
630252 0 

4
0 0 
630252 0 

4
-3781512 -1890756 
-1890756 630252 


64 
 -7 1 -1 -6 5 7 5 4 
8 6 -6 0 4 7 2 6 
2 -7 3 -2 7 -5 7 -4 
5 -2 7 -1 5 0 8 -4 
4 5 8 -6 0 -3 -5 7 
-7 3 -2 3 -3 5 -3 7 
6 -4 6 1 8 5 1 -3 
5 8 -6 -1 7 -6 -3 4 

64
0 1 0 0 5 7 5 4 
8 6 0 0 4 7 2 6 
2 0 3 0 7 0 7 0 
5 0 7 0 5 0 8 0 
4 5 8 0 0 0 0 7 
0 3 0 3 0 5 0 7 
6 0 6 1 8 5 1 0 
5 8 0 0 7 0 0 4 

16
8 0 7 6 
5 7 7 8 
5 8 5 7 
8 6 8 4 

16
-192 39 -256 98 
-173 253 -25 -148 
-137 -92 160 217 
-2 232 -51 40 

16
360 -5582 621 3442 
-5180 -54 -1752 305 
6689 855 3675 530 
3584 463 2728 -2880 

16
-41852 17766 -1290 -23108 
-12055 6049 9255 -432 
-30224 40806 -22777 17194 
-18504 95281 -32783 48765 

16
-189471 435338 14764 -69117 
397400 -444275 170929 -22022 
440646 88466 -129789 251433 
-580419 336342 -781893 204726 

16
-4551569 6175195 -4115934 1153615 
2899976 -888173 -514102 -2054543 
48640 -5477057 6688819 -6757668 
-4884684 816636 -1716795 461481 

16
0 6175195 0 1153615 
2899976 0 0 0 
48640 0 6688819 0 
0 816636 0 461481 

16
-44694290 -24426989 4991544 4988758 
62635975 33893274 -35345321 23907847 
22165160 -22586002 -19392998 10104553 
-5940132 21773822 43974660 62122901 

16
0 0 4991544 4988758 
62635975 33893274 0 23907847 
22165160 0 0 10104553 
0 21773822 43974660 62122901 

4
62635975 23907847 
22165160 62122901 

4
-686291412 22572090 
199715763 616970995 


16 
 -5 7 4 -5 
-7 7 -3 4 
-3 -2 5 5 
8 -2 7 1 

4
7 4 
8 7 

4
-47 -15 
-12 -120 

4
-5 911 
354 274 

4
0 911 
354 274 

4
-4306 9606 
-86 4623 

4
0 9606 
0 4623 

4
0 9606 
0 4623 


4 
 5 -7 
7 -3 

4
-36 -35 
-41 -62 

4
0 0 
0 0 

4
0 0 
0 0 

4
0 0 
0 0 

4
0 0 
0 0 


4 
 7 1 
2 4 

4
7 1 
2 4 

4
22 -19 
53 -33 

4
-183 -446 
-372 148 

4
-1065 -4065 
-2201 2096 

4
8972 -8998 
-26574 15016 

4
8972 0 
0 15016 

4
8972 0 
0 15016 

4
98880 78196 
-23800 -51280 

4
34276 -202300 
1031296 944020 


16 
 6 8 0 1 
6 5 8 7 
5 3 1 4 
-4 4 2 -6 

16
6 8 0 1 
6 5 8 7 
5 3 1 4 
0 4 2 0 


4 
 3 -1 
-1 6 

4
3 0 
0 6 

4
-36 -36 
-27 -39 


16 
 -2 -6 6 -6 
3 -1 -4 6 
-3 1 6 3 
6 5 1 -4 

16
-12 4 -74 46 
13 17 32 94 
45 112 54 -11 
38 22 -10 13 


4 
 -2 -4 
8 3 

4
-39 4 
-15 -28 


16 
 -2 -7 0 0 
0 0 -5 -4 
6 -6 4 -3 
4 3 -5 -1 

16
7 -39 3 -14 
-21 52 -11 -23 
58 -68 37 -2 
-53 82 -61 0 

16
7 0 3 0 
0 52 0 0 
58 0 37 0 
0 82 0 0 

16
329 -37 297 21 
196 399 290 234 
700 464 515 259 
492 118 574 148 

16
19198 5728 -5495 -548 
12013 15790 -151 11624 
-5468 16510 3991 1200 
1736 5786 16662 -15985 

16
-184751 10411 -6256 34493 
-193603 -154344 -84290 6675 
-151600 -133767 -60034 94861 
-155070 -43646 -50481 -29857 

4
10411 34493 
-43646 94861 

4
10411 34493 
0 94861 


16 
 2 1 -5 -3 
-2 -3 -7 -2 
-1 7 -2 1 
7 -7 5 3 

4
2 -2 
7 5 

4
-5 3 
9 9 

4
0 3 
9 9 

4
3 111 
-27 90 

4
3 111 
0 90 

4
-1395 513 
171 1233 


64 
 5 -6 4 -1 -2 7 0 -3 
4 6 8 -1 -7 6 5 3 
7 4 2 6 1 -4 4 -4 
-2 -5 -1 -2 -1 3 6 -6 
-3 -7 4 8 4 6 -6 -1 
4 4 -3 0 -3 -7 -2 7 
6 3 3 -5 -4 1 -6 3 
3 -3 -1 -5 2 5 8 -3 

16
6 8 7 5 
7 6 3 6 
4 8 6 7 
6 3 5 8 

4
8 7 
8 8 

4
26 16 
-73 49 

4
-218 -211 
190 -558 

4
0 0 
190 0 


256 
 4 7 4 -7 6 5 2 4 -1 5 7 -4 -5 -6 3 -7 
-4 4 1 -1 -6 -4 6 2 -5 6 -2 -7 0 -2 3 -2 
2 3 -1 -4 3 -1 2 6 2 4 8 -6 -4 7 7 -6 
-1 1 0 -5 6 -4 2 8 -2 3 -6 -4 -4 -6 2 3 
-4 1 2 4 -1 -4 -1 5 1 8 0 7 4 -5 3 -3 
1 1 2 -7 0 1 -1 -4 1 6 -1 1 4 -3 -1 1 
-4 4 -4 -3 -7 -5 0 -2 -3 6 -2 7 1 2 7 -2 
-3 4 2 -6 7 4 2 -5 -2 -4 3 7 -3 7 6 -4 
-2 -4 5 8 -7 5 0 -1 4 -2 -3 -4 5 -3 6 -3 
7 0 4 -2 1 -4 6 -3 1 7 6 -7 7 1 3 6 
8 -3 -2 -2 -3 -6 -5 -5 4 4 2 -1 -4 8 -5 8 
3 6 5 -4 -1 -6 -7 -5 8 2 0 -3 -7 6 0 -2 
-7 -6 5 0 3 -4 3 -5 -1 -6 -3 -3 -7 2 5 3 
0 0 5 1 -2 7 -2 -5 1 0 3 6 1 0 3 7 
-4 2 8 -3 -2 1 0 7 6 -4 5 0 -5 -1 5 0 
-7 -5 1 -7 8 -1 7 1 -7 -2 3 7 7 8 8 6 

256
-15 77 82 -27 -44 12 65 66 -28 52 76 -37 -56 -81 14 -35 
-34 45 90 -138 11 -55 -7 124 -59 31 164 -92 -66 -35 170 -90 
-59 71 23 -42 18 -67 45 139 -51 126 57 -78 -56 -74 126 -1 
-41 23 33 -53 63 -56 -59 120 4 42 86 -49 -54 -69 70 -56 
-34 2 68 -92 94 -84 -60 65 -45 170 8 53 119 -75 -5 20 
-66 39 -8 -21 -78 -64 -36 -5 -114 141 -59 69 97 -61 93 -32 
-52 19 89 -138 -5 -10 21 -74 -76 40 -16 72 75 18 108 18 
-92 42 34 77 -42 59 77 -24 -65 31 -113 76 13 -32 178 -40 
-11 -2 78 -30 46 -40 102 -52 42 9 26 -20 -47 42 96 10 
113 -33 4 90 -134 -7 -31 -74 47 68 111 -76 41 10 68 55 
122 18 72 -71 11 -160 -30 -165 7 83 116 -129 -28 27 -5 48 
54 -49 94 20 29 -63 -36 -154 29 17 -6 -17 -205 107 -52 98 
-54 -77 84 1 49 39 5 -129 37 -47 -15 46 -129 40 47 82 
-44 -69 150 -6 17 -25 94 -40 90 -43 54 99 -59 -18 57 76 
-70 -101 98 -24 -53 74 42 23 53 -54 2 110 16 2 66 130 
-83 -94 67 -79 0 41 -16 62 20 -135 53 70 36 47 125 61 

256
0 77 82 0 0 12 65 66 0 52 76 0 0 0 14 0 
0 45 90 0 11 0 0 124 0 31 164 0 0 0 170 0 
0 71 23 0 18 0 45 139 0 126 57 0 0 0 126 0 
0 23 33 0 63 0 0 120 4 42 86 0 0 0 70 0 
0 2 68 0 94 0 0 65 0 170 8 53 119 0 0 20 
0 39 0 0 0 0 0 0 0 141 0 69 97 0 93 0 
0 19 89 0 0 0 21 0 0 40 0 72 75 18 108 18 
0 42 34 77 0 59 77 0 0 31 0 76 13 0 178 0 
0 0 78 0 46 0 102 0 42 9 26 0 0 42 96 10 
113 0 4 90 0 0 0 0 47 68 111 0 41 10 68 55 
122 18 72 0 11 0 0 0 7 83 116 0 0 27 0 48 
54 0 94 20 29 0 0 0 29 17 0 0 0 107 0 98 
0 0 84 1 49 39 5 0 37 0 0 46 0 40 47 82 
0 0 150 0 17 0 94 0 90 0 54 99 0 0 57 76 
0 0 98 0 0 74 42 23 53 0 2 110 16 2 66 130 
0 0 67 0 0 41 0 62 20 0 53 70 36 47 125 61 

64
77 90 12 124 52 164 0 170 
71 33 63 139 126 86 0 126 
39 68 94 65 170 69 119 93 
42 89 59 77 40 76 75 178 
113 90 46 102 68 111 42 96 
122 94 29 0 83 116 107 98 
0 150 49 94 90 99 40 82 
0 98 74 62 53 110 47 130 

64
-81 786 908 1536 1138 780 504 246 
1048 1709 1665 1845 2788 2932 2950 1404 
817 1330 1914 1346 2028 1389 2561 1617 
1195 1873 2008 2570 2577 2554 1629 1287 
1176 1796 1084 909 1518 2308 2991 1926 
1059 2014 3047 2002 2322 1415 1853 978 
720 1595 1468 1007 1535 2198 2877 1752 
162 -43 923 522 510 425 203 96 

16
1709 1845 2932 2950 
1873 2570 2577 2561 
2014 3047 2322 2991 
1595 1468 2198 2877 

16
29675 69967 58246 28742 
-15619 50093 -34013 45242 
93904 66329 -51261 44979 
-31318 232 8963 69753 

16
29675 69967 58246 28742 
0 50093 0 45242 
93904 66329 0 44979 
0 232 8963 69753 

16
-1769878 2090129 1735282 37053 
1579045 1488338 -60519 108994 
-132234 -55976 868115 -1013928 
325575 311168 556467 26681 

4
2090129 1735282 
325575 868115 

4
-1544490 229974 
-6922485 12797869 


64 
 2 2 -5 6 0 8 2 3 
-6 3 -4 5 -7 -7 6 2 
8 -6 8 8 -7 2 0 5 
7 1 -6 -3 -2 -5 0 -3 
5 -3 -3 3 -6 -7 -1 5 
5 7 6 -1 -3 1 -5 0 
0 -2 -3 4 0 3 2 -3 
-1 -5 0 1 3 -6 3 -6 

64
2 2 0 6 0 8 2 3 
0 3 0 5 0 0 6 2 
8 0 8 8 0 2 0 5 
7 1 0 0 0 0 0 0 
5 0 0 3 0 0 0 5 
5 7 6 0 0 1 0 0 
0 0 0 4 0 3 2 0 
0 0 0 1 3 0 3 0 

64
-14 22 16 -6 82 -68 100 -26 
58 -134 34 -54 -80 22 -127 42 
-21 80 -23 -4 50 -30 26 -74 
-36 -52 -66 -62 -72 -8 -57 10 
-73 -30 12 -54 18 6 34 -30 
6 16 -13 60 -52 0 -13 -32 
-41 -76 -40 -72 65 -42 24 -2 
0 0 -4 2 -43 30 -44 12 

16
58 34 82 100 
80 -4 50 26 
16 60 18 34 
0 2 65 24 

4
80 100 
60 65 

4
-620 -755 
80 -340 

4
8770 7455 
8380 1650 


256 
 2 -5 -2 -1 5 5 8 2 -3 0 -1 -1 1 3 5 -5 
-3 1 -6 -2 7 2 -5 -6 -2 7 -3 7 -7 1 -5 6 
7 8 8 7 0 2 -1 8 -2 -2 5 -6 -5 -4 1 -3 
1 6 6 1 -6 8 5 -4 7 -2 7 6 8 -1 2 -2 
-5 3 2 7 1 3 0 2 -1 0 5 0 -3 1 -1 -5 
-1 7 3 -3 2 0 6 7 7 -2 -7 5 0 -3 6 -1 
-4 -7 4 -1 -6 -6 8 -5 2 -1 8 2 -3 -4 5 -6 
-5 1 -1 4 3 -1 -2 3 -5 -4 -2 8 6 -6 -2 0 
-2 2 5 -4 -1 2 -7 -2 1 3 0 -6 6 2 2 8 
-2 0 -4 7 0 8 -5 7 -4 3 2 -4 -1 -7 2 0 
8 1 1 -7 0 -2 8 -4 -1 2 8 6 -7 -1 -1 6 
6 -7 -4 5 -3 2 4 -4 3 2 -7 -5 5 -7 -2 -5 
2 1 6 -2 -1 0 1 5 -7 8 -3 -2 0 -6 3 2 
0 -6 -7 -1 0 3 3 -5 3 7 -5 3 6 -5 2 -3 
-7 -1 -2 3 5 8 7 8 -7 7 7 -5 -4 6 -5 -3 
6 -3 3 6 -4 -6 -3 6 -1 -6 3 -2 4 6 -5 1 

64
2 -1 7 8 7 7 3 6 
8 8 8 8 7 7 8 2 
7 7 3 7 7 5 1 6 
1 4 3 8 2 8 6 5 
2 7 8 7 3 2 6 8 
8 5 2 8 3 8 5 6 
2 6 3 5 8 3 6 3 
6 6 8 8 7 7 6 1 


16 
 0 8 -7 -4 
-6 -6 -6 -1 
-1 5 -7 3 
5 4 6 1 

16
-79 45 -27 -2 
-31 -56 85 -193 
15 -67 -49 77 
67 65 -128 -19 

16
0 45 0 0 
0 0 85 0 
15 0 0 77 
67 65 0 0 

16
0 45 0 0 
0 0 85 0 
15 0 0 77 
67 65 0 0 


16 
 -6 3 4 8 
3 5 -7 7 
-3 6 -5 6 
0 8 -4 4 

4
5 8 
8 6 

4
5 8 
8 6 

4
6 26 
50 -33 

4
1 434 
499 105 

4
4276 -2965 
-3222 1126 


256 
 1 -4 7 -3 4 3 0 5 6 -6 -7 2 -7 -4 8 6 
0 1 5 5 -7 5 -4 -6 8 -4 -4 0 0 2 5 -2 
-5 4 -5 -2 3 -5 -4 6 8 8 4 0 6 1 5 -7 
8 -7 1 6 -1 7 5 4 2 -1 4 5 4 7 5 4 
6 5 5 -3 -6 4 6 3 4 5 -2 1 -3 -5 -5 4 
4 -3 -7 -1 -7 3 -2 7 -1 -3 3 6 -2 2 4 -3 
6 -6 4 0 2 -5 8 -3 8 6 0 5 3 4 -2 0 
7 -7 0 5 -7 0 -6 4 4 6 -7 3 7 7 7 -4 
1 2 -2 -3 -5 1 -2 -4 -3 3 8 -1 -3 -7 2 -2 
-6 8 -2 5 -3 -1 6 1 -1 1 -1 -7 1 -2 3 3 
-4 4 1 8 0 3 -3 3 -3 -7 1 -2 6 -4 0 -7 
-1 5 3 4 1 -4 -1 8 0 -3 -3 7 -6 -3 7 5 
3 1 -5 -2 -2 -4 -4 6 8 1 5 -2 8 6 -4 4 
-6 -4 -7 6 6 -5 4 -4 8 7 2 -3 1 2 -1 3 
6 -3 7 8 -6 2 1 3 -4 -7 -5 1 6 7 -6 4 
5 2 -6 -5 -6 8 -4 -4 8 -6 -6 -3 2 2 3 -3 

256
0 -15 -11 -68 31 24 -1 86 6 -55 22 25 -32 -20 -4 6 
36 8 25 76 -40 47 39 -29 -24 -91 -121 -43 -29 -69 -32 42 
-65 1 18 -15 -15 -79 -60 -52 -8 62 -22 -64 -31 -60 -44 -64 
-20 -104 -37 -14 57 56 -66 -54 -11 -18 39 40 40 101 100 35 
20 43 44 41 44 44 50 8 4 45 -12 -36 -24 -7 -23 34 
-22 5 11 -12 -59 2 0 20 -26 -70 -1 -12 -48 -42 -28 -16 
-17 0 40 -50 1 7 68 8 20 -46 -4 67 -24 -80 -77 -5 
27 -32 -15 57 27 13 -23 77 54 55 -72 -21 78 113 68 -24 
56 15 -80 -23 -18 4 -52 -85 5 49 45 9 29 8 39 -20 
7 38 -24 -43 -79 -33 31 -6 -25 46 46 13 -22 -38 15 60 
-20 -21 -11 -10 -9 8 22 -7 -65 -11 48 -38 -11 37 -39 -85 
-25 -14 49 71 53 25 58 14 -71 -89 -66 0 -61 -69 12 13 
43 57 63 11 -63 -25 -29 36 44 -81 -58 7 75 -32 -28 37 
-62 -23 -45 -80 1 0 -32 -50 76 124 88 23 -42 -29 9 12 
-11 -68 31 64 79 12 -29 60 -62 -8 86 68 24 5 -46 15 
31 16 -42 16 8 5 -14 3 41 -48 -61 -35 13 48 27 -32 

256
238 173 764 -149 -719 591 -468 -500 451 -810 -975 264 13 -469 84 150 
-250 458 -94 481 -257 -1341 -242 -225 787 1117 -791 -981 160 9 -959 -446 
-740 -1250 -407 141 818 -268 -952 -132 -145 1284 2416 1061 1084 1559 519 -505 
1390 650 -387 -189 173 1800 1736 172 -115 -538 -464 365 144 48 1096 1314 
217 820 453 -447 -803 -198 822 794 -433 -161 235 -660 -1256 -1373 -1329 -666 
-349 -513 -603 -321 -406 -654 -346 -68 202 -509 137 766 -74 -472 -199 -217 
89 -619 485 1008 67 -441 71 851 997 499 -952 731 2366 1479 -174 -569 
500 -250 -1001 -114 344 -234 -1436 -1037 559 1360 589 -1213 -518 989 1519 575 
-52 1052 -19 -1359 -820 339 598 -1138 -1484 -120 788 -61 -1281 -1261 -87 495 
-859 142 1153 732 244 -305 454 668 -565 -739 -321 -106 338 -500 -1481 -130 
-180 37 729 1042 813 313 121 209 -536 -1632 -431 210 -714 308 817 -538 
772 190 -333 -397 -44 -247 -24 1455 942 -529 -630 630 592 -828 119 898 
-498 -409 -881 -155 -97 -892 -1191 -175 2423 2507 278 -811 477 1356 -243 -367 
-640 -882 359 413 126 349 662 -1022 -1648 997 1708 741 -31 -367 -254 -27 
1129 114 -319 433 388 758 169 401 -459 -2837 -1854 235 1111 938 -191 -604 
191 811 -237 -1200 -663 4 -16 -464 573 585 -862 -1179 -883 -66 726 240 

256
238 173 764 0 0 591 0 0 451 0 0 264 13 0 84 150 
0 458 0 481 0 0 0 0 787 1117 0 0 160 9 0 0 
0 0 0 141 818 0 0 0 0 1284 2416 1061 1084 1559 519 0 
1390 650 0 0 173 1800 1736 172 0 0 0 365 144 48 1096 1314 
217 820 453 0 0 0 822 794 0 0 235 0 0 0 0 0 
0 0 0 0 0 0 0 0 202 0 137 766 0 0 0 0 
89 0 485 1008 67 0 71 851 997 499 0 731 2366 1479 0 0 
500 0 0 0 344 0 0 0 559 1360 589 0 0 989 1519 575 
0 1052 0 0 0 339 598 0 0 0 788 0 0 0 0 495 
0 142 1153 732 244 0 454 668 0 0 0 0 338 0 0 0 
0 37 729 1042 813 313 121 209 0 0 0 210 0 308 817 0 
772 190 0 0 0 0 0 1455 942 0 0 630 592 0 119 898 
0 0 0 0 0 0 0 0 2423 2507 278 0 477 1356 0 0 
0 0 359 413 126 349 662 0 0 997 1708 741 0 0 0 0 
1129 114 0 433 388 758 169 401 0 0 0 235 1111 938 0 0 
191 811 0 0 0 4 0 0 573 585 0 0 0 0 726 240 

256
238 173 764 0 0 591 0 0 451 0 0 264 13 0 84 150 
0 458 0 481 0 0 0 0 787 1117 0 0 160 9 0 0 
0 0 0 141 818 0 0 0 0 1284 2416 1061 1084 1559 519 0 
1390 650 0 0 173 1800 1736 172 0 0 0 365 144 48 1096 1314 
217 820 453 0 0 0 822 794 0 0 235 0 0 0 0 0 
0 0 0 0 0 0 0 0 202 0 137 766 0 0 0 0 
89 0 485 1008 67 0 71 851 997 499 0 731 2366 1479 0 0 
500 0 0 0 344 0 0 0 559 1360 589 0 0 989 1519 575 
0 1052 0 0 0 339 598 0 0 0 788 0 0 0 0 495 
0 142 1153 732 244 0 454 668 0 0 0 0 338 0 0 0 
0 37 729 1042 813 313 121 209 0 0 0 210 0 308 817 0 
772 190 0 0 0 0 0 1455 942 0 0 630 592 0 119 898 
0 0 0 0 0 0 0 0 2423 2507 278 0 477 1356 0 0 
0 0 359 413 126 349 662 0 0 997 1708 741 0 0 0 0 
1129 114 0 433 388 758 169 401 0 0 0 235 1111 938 0 0 
191 811 0 0 0 4 0 0 573 585 0 0 0 0 726 240 

256
238 173 764 0 0 591 0 0 451 0 0 264 13 0 84 150 
0 458 0 481 0 0 0 0 787 1117 0 0 160 9 0 0 
0 0 0 141 818 0 0 0 0 1284 2416 1061 1084 1559 519 0 
1390 650 0 0 173 1800 1736 172 0 0 0 365 144 48 1096 1314 
217 820 453 0 0 0 822 794 0 0 235 0 0 0 0 0 
0 0 0 0 0 0 0 0 202 0 137 766 0 0 0 0 
89 0 485 1008 67 0 71 851 997 499 0 731 2366 1479 0 0 
500 0 0 0 344 0 0 0 559 1360 589 0 0 989 1519 575 
0 1052 0 0 0 339 598 0 0 0 788 0 0 0 0 495 
0 142 1153 732 244 0 454 668 0 0 0 0 338 0 0 0 
0 37 729 1042 813 313 121 209 0 0 0 210 0 308 817 0 
772 190 0 0 0 0 0 1455 942 0 0 630 592 0 119 898 
0 0 0 0 0 0 0 0 2423 2507 278 0 477 1356 0 0 
0 0 359 413 126 349 662 0 0 997 1708 741 0 0 0 0 
1129 114 0 433 388 758 169 401 0 0 0 235 1111 938 0 0 
191 811 0 0 0 4 0 0 573 585 0 0 0 0 726 240 

64
458 764 591 0 1117 264 160 150 
1390 141 1800 1736 1284 2416 1559 1314 
820 453 0 822 202 766 0 0 
500 1008 344 851 1360 731 2366 1519 
1052 1153 339 668 0 788 338 495 
772 1042 813 1455 942 630 592 898 
0 413 349 662 2507 1708 1356 0 
1129 433 758 401 585 235 1111 726 

64
458 764 591 0 1117 264 160 150 
1390 141 1800 1736 1284 2416 1559 1314 
820 453 0 822 202 766 0 0 
500 1008 344 851 1360 731 2366 1519 
1052 1153 339 668 0 788 338 495 
772 1042 813 1455 942 630 592 898 
0 413 349 662 2507 1708 1356 0 
1129 433 758 401 585 235 1111 726 

64
8238 14388 24282 14594 20628 24208 11512 3698 
10334 7478 10616 14821 22724 14859 17920 14410 
16324 -1758 6735 6972 656 15684 10612 -1195 
14594 9286 4929 9942 7572 18318 12766 21576 
11516 18582 11104 10796 6907 -6000 12309 662 
5162 10542 6965 28667 24958 19926 3588 4722 
6034 2730 668 6327 10921 23752 19628 9450 
2864 8762 2313 -2973 4632 -6677 2738 2790 

64
-29972 14304 -179141 -209519 -93266 -162477 -219725 -1654 
-55646 -23857 -64551 -77703 -209268 -199828 -34307 -111151 
-160014 -60253 -34260 -179847 -28935 -185654 -228792 -19478 
-60548 -257515 17992 -15307 14447 -23502 -108166 -128341 
17282 -148352 -296182 -278242 -228017 162014 -18156 12840 
-18422 7930 -7977 -111637 -278758 -465302 30198 23366 
-99420 -57766 -49597 48248 8348 -7693 -320593 -130792 
63670 -49450 -118209 6491 -119294 16032 21360 -49400 


256 
 -3 4 7 6 0 6 4 4 6 1 -2 1 4 -1 4 -6 
7 -4 -5 3 5 -6 -1 8 -6 7 -3 7 8 -1 3 -4 
-2 5 -6 7 -5 -6 3 6 5 -6 4 -5 1 0 2 -3 
-4 -5 -3 0 4 2 2 -3 -6 -3 0 1 -6 3 -3 7 
-6 1 4 -4 -1 -4 -7 0 1 -6 -5 7 0 0 5 3 
8 -2 8 2 5 -4 -4 0 -1 -5 2 -2 3 7 7 8 
4 -7 7 -6 -3 0 -1 -4 1 -7 6 -1 -2 5 -7 -4 
6 -1 -1 -6 2 -2 1 -4 6 -5 0 5 -5 -3 -5 0 
4 -4 0 -4 4 1 -3 0 -6 -3 -2 -3 -5 -1 -4 -6 
-7 -2 -2 8 8 -2 -1 3 -2 -3 1 7 3 -7 -7 4 
-3 -2 -6 -2 -5 -3 -5 -3 0 -6 -2 -6 5 4 5 -6 
-7 -3 7 -5 6 7 7 0 -7 -5 3 -6 1 6 6 3 
4 -4 -7 -4 -4 0 0 -4 -2 3 -6 6 1 8 7 2 
-2 -1 -4 6 -4 1 3 4 -1 3 -5 0 -5 1 -5 3 
-7 -4 7 7 -3 6 4 0 4 -3 6 0 -4 -2 2 6 
-7 4 -5 5 -6 -7 -4 3 8 0 -2 7 -4 7 0 -5 

64
7 7 6 8 7 7 8 4 
5 7 4 6 5 4 3 7 
8 8 5 0 1 7 7 8 
6 7 2 1 6 6 5 0 
4 8 8 3 -2 7 3 4 
-2 7 7 7 0 3 6 6 
4 6 1 4 3 6 8 7 
4 7 6 4 8 7 7 6 

64
7 7 6 8 7 7 8 4 
5 7 4 6 5 4 3 7 
8 8 5 0 1 7 7 8 
6 7 2 1 6 6 5 0 
4 8 8 3 0 7 3 4 
0 7 7 7 0 3 6 6 
4 6 1 4 3 6 8 7 
4 7 6 4 8 7 7 6 

16
7 8 7 8 
8 5 7 8 
8 8 7 6 
7 6 8 8 

16
59 6 -64 -32 
222 31 33 -105 
56 97 507 -100 
23 1 34 216 

4
222 33 
97 507 

4
222 33 
97 507 

4
222 33 
97 507 

4
222 33 
97 507 

4
222 33 
97 507 


4 
 7 -7 
-1 -2 

4
31 4 
-66 -8 

4
31 4 
0 0 

4
31 4 
0 0 

4
31 4 
0 0 

4
24 90 
151 -20 


64 
 1 -5 0 -7 1 3 6 -1 
4 4 6 4 -7 8 5 4 
6 -2 1 -1 3 7 -5 -4 
1 6 -4 1 -1 2 -2 4 
6 -4 -4 8 6 -1 8 -5 
0 -6 2 3 -3 -4 2 -5 
-7 -7 1 1 2 -4 3 3 
0 3 2 -3 3 1 0 -6 

64
1 0 0 0 1 3 6 0 
4 4 6 4 0 8 5 4 
6 0 1 0 3 7 0 0 
1 6 0 1 0 2 0 4 
6 0 0 8 6 0 8 0 
0 0 2 3 0 0 2 0 
0 0 1 1 2 0 3 3 
0 3 2 0 3 1 0 0 

64
-29 -12 -6 40 -1 11 25 50 
18 92 41 8 31 33 83 28 
-59 24 13 23 55 -29 12 -10 
17 46 -20 -43 50 -36 46 44 
-10 -10 56 45 46 68 -6 28 
-24 22 15 -34 8 22 -55 39 
-18 -7 15 5 -1 49 19 13 
24 13 6 30 -1 15 -8 -6 

16
92 41 33 83 
46 23 55 46 
22 56 68 39 
24 30 49 19 

16
327 729 376 284 
85 700 1 409 
2 248 458 655 
-182 49 436 721 

4
729 409 
248 721 

4
8194 9150 
-4023 -6674 

4
8194 9150 
0 0 

4
-29362 15432 
-67464 73200 


16 
 6 -3 -6 -4 
7 4 -2 0 
2 -3 4 2 
3 -5 5 0 

16
6 0 0 0 
7 4 0 0 
2 0 4 2 
3 0 5 0 


64 
 -3 7 7 8 6 6 8 -2 
-1 -1 -7 6 -5 4 2 7 
-3 6 8 6 -7 -7 7 0 
-3 -3 3 -3 -5 -6 -1 4 
-3 7 4 1 6 2 -7 6 
-7 5 -3 -6 3 -3 -2 8 
6 5 -3 -6 3 4 -3 2 
0 -4 5 -4 6 -3 -3 -5 

64
13 -31 -95 -53 -13 -70 -31 65 
-14 48 215 207 224 -22 36 42 
4 -153 -67 10 66 -13 -49 84 
-11 67 172 80 -22 67 -24 -29 
-77 -99 41 -100 -151 -47 -44 -15 
48 102 168 34 -21 81 1 -57 
-47 -65 2 -20 -57 18 33 -3 
82 71 -69 -17 -23 62 25 25 


256 
 8 1 -2 -6 0 8 8 2 -7 -2 7 1 6 -2 5 0 
-6 -4 -2 -5 -5 3 7 5 -5 7 5 5 8 5 -2 -7 
2 2 -2 -7 5 -6 2 6 -6 3 8 4 2 2 5 5 
-4 5 8 5 0 -7 -6 6 2 1 7 -2 1 0 8 5 
6 -5 5 -1 0 3 5 -3 3 3 -6 1 -5 8 -5 5 
-1 3 1 8 2 8 5 -4 -1 6 6 5 -1 -7 0 4 
0 -6 8 -5 -1 4 -6 3 1 -4 4 -7 2 7 3 2 
-7 0 -5 -1 -3 5 4 1 -5 -1 0 -2 7 2 6 1 
-7 -2 6 7 -2 -7 6 8 0 1 1 -7 -5 5 3 8 
6 7 7 -5 5 3 6 8 -4 -3 7 -2 -5 -1 1 0 
1 4 -5 0 -6 0 -1 2 5 6 -5 8 5 5 1 4 
5 4 6 7 -7 -6 8 8 5 1 -5 -7 5 -5 1 -4 
6 -1 5 4 1 -2 -3 3 5 1 -4 4 -5 5 -6 2 
0 2 5 1 -4 3 -1 -1 2 5 -1 3 7 6 7 -7 
3 -6 2 -4 8 4 -4 2 3 -3 2 6 0 3 -2 -1 
5 -3 -7 2 2 -2 -3 3 8 -3 4 0 -1 6 -7 -6 

64
8 -2 8 8 7 7 8 5 
5 8 5 6 3 8 2 8 
6 8 8 5 6 6 8 5 
0 8 5 4 1 4 7 6 
7 7 5 8 1 7 5 8 
5 7 0 8 6 8 5 4 
6 5 3 3 5 4 7 7 
5 2 8 3 8 6 6 -1 

64
8 0 8 8 7 7 8 5 
5 8 5 6 3 8 2 8 
6 8 8 5 6 6 8 5 
0 8 5 4 1 4 7 6 
7 7 5 8 1 7 5 8 
5 7 0 8 6 8 5 4 
6 5 3 3 5 4 7 7 
5 2 8 3 8 6 6 0 

16
8 8 8 8 
8 8 6 8 
7 8 8 8 
6 8 8 7 

4
8 8 
8 8 

4
8 8 
8 8 

4
8 8 
8 8 

4
-48 88 
40 104 

4
0 88 
40 104 

4
776 -144 
768 736 


4 
 -3 -6 
6 2 

4
0 0 
6 2 

4
0 0 
6 2 

4
-14 -2 
34 -24 

4
74 -82 
-122 -70 

4
74 0 
0 0 

4
-296 -370 
444 222 

4
0 0 
444 222 

4
0 0 
444 222 

4
0 0 
444 222 

4
0 0 
444 222 

4
-1332 1554 
-1110 2886 


256 
 -2 4 -7 -5 4 8 -6 7 -1 6 1 4 -3 1 7 1 
-1 -3 5 8 0 2 -4 2 -4 8 -3 -4 5 -4 -6 1 
2 -2 0 -1 0 7 2 1 4 8 1 4 -5 -3 1 -6 
5 6 -2 5 7 4 1 0 -3 -7 4 -6 4 -7 0 7 
7 1 -2 6 -4 6 -7 6 1 2 4 -1 7 8 -3 -2 
0 -1 1 1 7 -4 -6 -3 5 0 -6 2 7 1 -5 0 
3 3 -2 -6 0 -2 -4 3 2 -4 -1 -1 -1 1 -2 -4 
-4 -3 -3 3 -7 -1 6 -1 1 4 -1 8 -4 -4 -2 -2 
4 -4 8 4 -4 5 4 -7 3 4 8 0 3 5 6 -3 
4 1 -7 -7 2 -3 -6 0 6 4 -6 7 3 -5 -5 5 
-4 1 8 2 7 3 0 -3 5 -1 0 -6 -2 -5 -4 -5 
7 6 0 5 3 0 -2 5 6 2 4 2 4 -4 -3 -7 
1 -7 -5 -1 -4 -4 -3 1 -3 -7 -7 -2 3 -7 8 -4 
-1 0 -7 -4 -7 -2 4 6 0 -4 -6 -2 7 -2 1 -1 
-4 1 1 4 1 7 -5 7 -1 -1 -2 8 -6 8 3 3 
-1 3 5 2 -5 6 -3 3 4 6 7 -7 -4 7 -1 -2 

64
4 8 8 7 8 4 5 7 
6 5 7 2 8 4 4 7 
7 6 7 6 5 4 8 0 
3 3 0 6 4 8 1 -2 
4 8 5 4 6 8 5 6 
7 8 7 5 6 4 4 -3 
1 -1 -2 6 0 -2 7 8 
3 5 7 7 6 8 8 3 

16
8 8 8 7 
7 7 8 8 
8 7 8 6 
5 7 8 8 

16
-150 313 45 118 
144 2 89 21 
32 77 131 339 
71 51 114 99 

16
0 313 45 118 
144 2 89 21 
32 77 131 339 
71 51 114 99 

4
313 118 
77 339 

4
313 118 
77 339 

4
-1838 3533 
2132 -2188 


256 
 7 1 0 4 -3 8 -7 3 3 5 -5 2 1 -3 -7 -4 
-2 2 0 1 3 -6 6 4 2 2 2 -1 -2 6 -1 -4 
7 0 -1 6 1 -3 -4 -5 -3 8 -1 8 4 -7 3 -5 
-2 4 7 -5 8 -6 2 -3 4 -3 4 7 0 -3 -5 -6 
-7 -2 6 1 4 6 4 -2 7 -4 -3 3 5 4 -3 -1 
-4 1 2 2 -6 -7 -3 -5 -7 0 4 1 6 2 -5 -5 
2 4 -4 5 -6 4 2 5 -6 1 5 -6 3 -7 -1 -7 
8 5 -6 6 2 -4 3 -7 -5 -3 7 -2 0 6 8 -6 
3 3 -1 7 -5 0 3 0 6 0 0 -6 -3 7 2 -3 
-1 7 1 3 4 5 3 8 6 -5 -2 -7 -2 4 3 1 
-6 -3 0 -6 6 -7 2 -3 7 -4 -1 4 1 7 -6 8 
-7 5 -1 -6 -6 -5 6 -4 0 -2 -4 -7 -7 7 5 -7 
5 -6 0 7 7 0 1 1 -4 -7 -7 -7 2 3 8 -7 
-1 6 4 8 7 8 7 1 3 -1 -5 8 4 -2 7 7 
-7 1 -6 -3 -7 0 6 2 8 0 7 -4 7 8 -5 4 
-1 -2 -5 6 -2 -5 -2 -2 5 -4 4 7 -7 4 -1 -6 

256
-3 52 -16 17 -56 28 111 -114 -30 18 13 -69 80 27 -50 -14 
-40 -64 74 -45 1 -58 -32 41 137 -42 44 18 -156 -27 55 -2 
27 92 -104 8 -16 56 16 37 -62 -21 77 -105 28 -6 -41 101 
-10 55 50 4 -18 34 -126 26 -35 -59 50 49 28 -9 -45 24 
72 -13 -63 15 -118 79 36 24 18 180 -26 -46 -25 -64 -8 39 
34 -83 4 24 95 43 -25 -14 -52 18 -75 19 -26 46 63 11 
-7 -102 57 -11 -53 -49 -59 -29 101 33 -9 30 31 66 -140 -18 
-23 5 97 -166 61 58 3 53 -20 -90 -108 92 19 -27 -76 84 
36 -16 10 -15 54 -50 -42 -14 -149 30 -10 76 44 -11 -6 26 
-16 18 49 12 -18 3 8 50 11 37 35 13 -20 -127 44 38 
123 -23 -46 -5 17 169 -24 -17 -28 59 -94 -14 129 66 -77 -69 
-61 -77 123 92 -133 -59 -64 53 -96 47 64 106 40 -96 18 0 
89 36 -84 -74 -20 35 -122 8 5 -43 59 -27 -125 -6 36 24 
-20 -16 10 -5 52 106 23 24 -62 15 -108 -51 102 -80 -109 77 
33 -46 149 12 -35 -27 9 85 -52 25 96 -82 -74 111 -1 -16 
29 -21 -21 -79 76 19 -25 12 -25 75 -98 85 64 -79 97 -7 

64
52 74 28 111 137 44 80 55 
92 50 56 37 -21 77 28 101 
72 24 95 36 180 19 46 63 
5 97 61 53 101 92 66 84 
36 49 54 50 37 76 44 44 
123 123 169 53 59 106 129 18 
89 10 106 24 15 59 102 77 
33 149 76 85 75 96 111 97 

64
-144 -392 626 642 637 1111 -215 -140 
-262 301 -630 -1147 -168 -1579 716 -390 
-52 244 -648 1136 -1307 638 -960 -143 
539 -650 512 -316 823 -88 328 98 
-1045 -1022 -1142 -1014 -103 -819 -689 -267 
211 1016 329 792 426 588 -449 78 
-631 -213 -1030 -569 -816 -638 -244 -589 
1326 52 1870 796 968 1004 1222 784 

64
0 0 626 642 637 1111 0 0 
0 301 0 0 0 0 716 0 
0 244 0 1136 0 638 0 0 
539 0 512 0 823 0 328 98 
0 0 0 0 0 0 0 0 
211 1016 329 792 426 588 0 78 
0 0 0 0 0 0 0 0 
1326 52 1870 796 968 1004 1222 784 


4 
 -2 8 
0 8 

4
90 -4 
74 0 

4
90 0 
74 0 

4
-556 598 
534 -344 

4
7876 -4326 
5000 2394 

4
7876 0 
5000 2394 

4
69804 40656 
-18474 79226 

4
27976 -750030 
-241944 -463524 

4
27976 0 
0 0 


64 
 7 2 8 -7 -5 1 5 -3 
-6 -1 4 8 2 0 -1 7 
-2 5 8 -1 -7 7 -2 5 
-1 -4 7 -6 2 -2 7 -2 
0 -4 3 -2 -7 7 4 -5 
8 -5 5 6 -2 -1 8 -4 
3 -3 -2 5 8 -4 7 -7 
-3 0 -4 2 -5 -1 1 -3 

64
7 2 8 0 0 1 5 0 
0 0 4 8 2 0 0 7 
0 5 8 0 0 7 0 5 
0 0 7 0 2 0 7 0 
0 0 3 0 0 7 4 0 
8 0 5 6 0 0 8 0 
3 0 0 5 8 0 7 0 
0 0 0 2 0 0 1 0 

16
7 8 2 7 
5 8 7 7 
8 6 7 8 
3 5 8 7 

16
7 8 2 7 
5 8 7 7 
8 6 7 8 
3 5 8 7 


4 
 0 5 
-1 -6 

4
-82 -18 
-3 -42 

4
-786 -179 
192 -611 

4
-1081 -8204 
2243 32 

4
51716 18161 
7899 16295 

4
51716 18161 
7899 16295 

4
164198 361484 
316826 -30254 

4
-1895260 -1479052 
880052 2912148 

4
13541524 5395668 
5444984 34296812 


256 
 -1 -1 -6 -5 -3 2 3 -6 3 7 1 -4 3 8 2 4 
8 4 -1 5 -2 6 5 -5 1 -7 -5 -7 6 7 -1 -4 
1 -1 -1 0 0 -6 0 7 7 -6 -7 -5 3 4 -4 2 
7 -5 -7 8 6 2 0 -7 2 0 -6 7 0 2 2 -4 
0 -5 1 5 -6 -4 -1 8 2 -1 -3 -4 0 6 -6 -1 
-3 -2 -4 3 -5 7 4 -5 4 -6 3 -5 -3 -1 -6 1 
0 6 6 8 -2 2 5 -4 -4 -2 -4 8 -1 -5 -3 3 
8 4 8 3 -1 2 0 5 5 1 -1 -4 -1 -5 5 3 
8 -1 3 -1 3 7 -5 -5 -4 -2 3 1 6 4 1 -2 
-3 7 6 6 -5 2 -2 5 4 -5 6 4 1 -2 -3 -6 
-2 -5 -7 4 7 6 -1 5 3 1 6 8 -5 -3 7 5 
6 0 -7 6 -3 -2 -5 6 -7 2 -5 3 -3 -2 1 -4 
-1 -7 4 8 0 7 -7 5 0 5 -6 -4 0 2 0 -5 
3 -3 5 5 -6 -7 4 -2 4 -7 2 6 0 6 -6 5 
-7 -6 5 3 -1 2 3 3 4 3 0 -1 5 3 4 1 
5 3 -2 -5 -5 6 5 3 0 6 7 7 6 5 8 6 

256
61 7 37 101 5 56 -19 -78 10 -105 -25 5 71 -67 -152 -39 
-44 -64 -42 23 -82 -67 46 21 34 -61 99 46 39 -77 -80 55 
15 -99 20 119 -1 -22 -31 -99 44 -12 105 116 -48 3 -43 -11 
-4 -13 64 -10 -151 -29 67 48 -1 1 -28 23 -18 -1 -79 39 
19 15 -6 37 -30 136 -49 -74 -12 -32 68 -16 -2 12 -32 90 
49 97 15 52 -105 37 -44 -107 55 -18 90 80 -34 45 44 81 
20 -55 -91 -84 -99 -8 -1 29 62 15 -30 -3 -8 52 94 -2 
-23 -180 -73 -78 1 -8 -127 -44 -39 7 38 33 98 -20 -28 -58 
-20 -21 -7 -69 -112 28 -25 115 22 -22 83 -76 -64 -95 -39 -15 
-56 -82 -88 51 -27 26 -67 29 -25 -49 40 -92 -118 50 130 14 
52 -1 -4 69 -158 -56 -74 12 -116 -32 -106 -3 -65 21 -9 -88 
-34 0 75 54 -72 66 -92 128 -60 65 -111 70 32 22 -1 -27 
51 -9 38 -67 -186 53 -5 27 -62 -19 76 81 -7 7 -31 81 
-30 -15 43 -41 -17 79 42 -33 37 -20 -14 -16 -37 10 -44 4 
97 -2 -44 -57 7 61 -38 -86 -38 6 -6 -25 -48 -49 -32 -51 
-21 -35 15 56 7 -18 -83 -55 -66 -64 -106 -116 -102 -118 -100 -78 

256
500 -279 -341 409 302 -970 -1029 59 551 -864 -311 953 905 -232 -1478 -191 
417 163 -458 642 1423 241 339 -757 -1918 -555 -369 1791 117 -1707 -572 -608 
-738 -1300 684 891 -1160 -1851 -764 1043 399 1176 736 573 -722 -209 -519 -723 
-880 504 663 -278 -791 619 955 -399 -1016 358 943 775 110 -519 -744 95 
-490 949 474 -69 -232 -248 408 -699 -349 -219 -32 593 446 -1205 329 603 
947 828 142 -733 24 -884 -901 -712 134 1221 454 -90 -529 -407 1592 821 
1754 -191 -659 -1750 -244 289 -698 -437 -845 165 448 7 1367 1635 1124 -371 
-943 -1553 -664 -774 -1230 -1510 -806 551 1430 -91 644 988 365 -134 -660 -58 
-1206 -964 -2720 -1324 -222 -437 -425 -706 -28 -266 657 1144 -1451 -1686 127 970 
-492 -61 -938 397 252 -1594 147 532 53 422 -1072 -1470 -1336 -193 421 -767 
-627 -1903 16 368 -572 -426 -173 -649 -267 421 -1245 -1702 283 1155 424 235 
98 664 1337 -204 -1736 -2494 -40 -346 -487 -2292 -1062 504 635 -200 -1271 -288 
122 -130 659 -731 -362 -486 2017 -762 578 -366 1145 -46 -17 79 -32 -39 
50 1709 -245 -2214 -529 89 1141 -851 -756 -128 804 402 338 -550 345 -257 
303 -548 -1228 167 1396 913 -441 -205 -281 110 -361 -1037 -661 -1041 -750 -1185 
-87 37 -190 -33 66 -539 -842 -656 -559 -506 -656 -769 -852 -845 -816 -113 

256
500 0 0 409 302 0 0 59 551 0 0 953 905 0 0 0 
417 163 0 642 1423 241 339 0 0 0 0 1791 117 0 0 0 
0 0 684 891 0 0 0 1043 399 1176 736 573 0 0 0 0 
0 504 663 0 0 619 955 0 0 358 943 775 110 0 0 95 
0 949 474 0 0 0 408 0 0 0 0 593 446 0 329 603 
947 828 142 0 24 0 0 0 134 1221 454 0 0 0 1592 821 
1754 0 0 0 0 289 0 0 0 165 448 7 1367 1635 1124 0 
0 0 0 0 0 0 0 551 1430 0 644 988 365 0 0 0 
0 0 0 0 0 0 0 0 0 0 657 1144 0 0 127 970 
0 0 0 397 252 0 147 532 53 422 0 0 0 0 421 0 
0 0 16 368 0 0 0 0 0 421 0 0 283 1155 424 235 
98 664 1337 0 0 0 0 0 0 0 0 504 635 0 0 0 
122 0 659 0 0 0 2017 0 578 0 1145 0 0 79 0 0 
50 1709 0 0 0 89 1141 0 0 0 804 402 338 0 345 0 
303 0 0 167 1396 913 0 0 0 110 0 0 0 0 0 0 
0 37 0 0 66 0 0 0 0 0 0 0 0 0 0 0 

256
-1724 7082 -2126 -9231 6898 10245 2203 3908 -630 4408 -9678 1781 18468 8059 0 0 
-2345 -1278 -3959 5820 8451 12221 -6287 -1478 -2677 -632 6518 -4938 15438 1841 0 0 
-5848 -2320 3091 71 -3219 -6963 7302 6135 8568 -3195 515 3716 11442 887 -665 95 
-5131 -4124 3523 5742 2748 -1229 -722 4728 -4183 -5136 -4908 2239 11150 1699 -3607 2716 
-4018 1319 10434 5281 -2452 -4904 -4017 3281 -9845 -6223 4266 733 4187 -6479 -3384 13011 
-1452 12932 5393 1682 -2071 -1151 391 810 2240 -2979 8042 -6950 -11220 7242 8120 16879 
-10608 11099 260 46 771 -554 -1545 -9995 362 -50 -6422 11066 9508 7225 1180 7300 
-7016 1754 0 0 -1156 -1156 1942 3188 888 6321 -7330 4966 3181 -7638 -9524 2983 
0 0 -2779 -1367 3031 735 -5781 -6734 -4346 1618 -1456 -1800 8680 -2201 3077 2023 
0 -112 -1369 442 5248 2457 1302 271 2469 -2627 -881 -5900 -6658 923 1634 2818 
-4550 -7961 5469 6155 2333 -336 -2716 -2193 -105 -2477 262 -3092 7062 3987 7413 3343 
1918 -356 1761 13853 368 -14119 2017 10073 -1106 -5653 3078 7780 -3543 -874 -928 -516 
-15205 -2894 5961 6609 -623 -1847 -2270 25857 -1156 2431 -6316 8268 1353 428 977 2415 
4842 -3411 9867 -8946 -3559 5862 -3247 8833 -3082 -1480 -4212 7787 2224 3423 -611 2760 
-7901 -4325 2469 3392 993 4884 2829 1141 330 -3436 -3944 -2156 -950 -1042 -1380 345 
-1101 229 -372 -6054 -9201 -1728 913 0 -440 -440 110 0 0 0 0 0 

64
7082 5820 12221 3908 4408 6518 18468 0 
-2320 5742 2748 7302 8568 3716 11442 2716 
12932 10434 -1151 3281 2240 8042 7242 16879 
11099 260 771 3188 6321 11066 9508 7300 
0 442 5248 1302 2469 -881 8680 3077 
1918 13853 2333 10073 -105 7780 7062 7413 
4842 9867 5862 25857 2431 8268 3423 2760 
229 3392 4884 2829 330 110 0 345 

16
7082 12221 8568 18468 
12932 3281 11066 16879 
13853 10073 7780 8680 
9867 25857 8268 3423 

16
-122570 -11675 -148852 -35981 
-188352 -43966 -77014 -109184 
-270824 -43024 34711 -30602 
-249940 -131673 -49466 -27772 

16
-1055549 2394088 -1491212 3369812 
-3076209 -4149235 -902305 1247067 
-1447419 -1173101 -2752178 -357159 
-398014 -1421451 3618542 -1975339 


64 
 -6 -1 -1 6 -4 -2 -5 -4 
2 5 3 -4 6 -5 2 3 
1 2 8 -5 -3 0 5 6 
6 -3 7 -2 7 3 -1 5 
6 3 -6 -2 -6 3 5 4 
-3 -2 3 -3 8 -2 5 -7 
-3 -4 -2 -2 -3 -5 -4 2 
-4 8 -4 -4 -2 -3 -4 -1 

16
5 6 6 3 
6 8 7 6 
6 3 8 5 
8 -2 -2 2 

16
-62 26 148 -24 
-109 91 121 135 
-77 123 -33 -20 
189 49 112 -65 

16
-245 -411 205 664 
-616 396 3761 1227 
-1083 596 587 668 
1284 3052 200 203 

4
396 3761 
3052 668 


256 
 5 -6 0 -1 -4 -3 -7 4 7 0 -7 6 3 5 4 6 
-1 -1 4 5 -5 2 3 7 -4 7 -4 -1 -6 3 7 -3 
8 3 2 5 5 0 8 1 -2 0 5 5 0 0 -4 5 
7 -3 -1 8 -7 -6 3 5 -5 2 1 1 -1 -6 2 1 
3 5 0 3 -5 -2 1 -3 8 1 0 -7 1 6 0 0 
5 -1 2 7 7 -2 7 2 -5 6 -7 5 3 6 -1 4 
-3 -5 5 3 -6 -1 -2 -3 -2 0 -4 -3 7 -1 -2 -1 
-2 5 1 -3 7 6 -4 -7 7 3 7 -1 -5 -1 0 5 
2 5 -3 5 0 3 -3 -3 3 -4 4 8 -3 -5 5 8 
0 0 -4 0 -1 -6 3 -2 -7 -7 -6 5 -3 1 -1 -6 
-3 2 -2 2 -2 -6 2 -7 -3 2 -3 -5 6 -5 -3 -2 
-6 1 4 7 3 1 0 3 7 -5 8 -7 1 -5 -6 4 
6 -5 -7 -7 8 1 6 -5 5 3 1 1 6 -6 2 4 
1 5 -2 -2 -2 3 6 -6 7 4 1 2 -3 2 6 6 
2 -4 1 4 -7 -2 0 7 3 -4 3 6 2 -1 -2 8 
-7 7 4 -3 3 2 -7 -1 -1 -2 0 6 1 3 0 -4 

256
72 -87 12 56 6 -10 -70 62 57 2 -45 54 -46 -46 16 71 
26 1 45 71 -16 78 -22 112 -107 72 -95 86 -78 -7 -10 -87 
70 8 -85 39 49 -112 -32 32 -64 -12 2 76 -8 -9 -91 41 
44 -66 -52 88 -59 -130 16 10 -87 63 -3 -21 -61 -22 46 16 
22 28 -88 86 11 31 19 4 30 -12 32 -106 47 65 18 -10 
32 -88 -84 89 51 -95 78 -40 -91 71 -69 0 -36 84 -81 23 
-11 -93 54 -27 -102 23 54 -61 -86 107 -38 26 15 -64 -72 9 
-29 56 20 -66 52 86 22 -87 78 -9 20 11 46 -44 -61 86 
-34 62 -78 -8 -36 10 -37 -9 71 -158 -62 38 2 -47 22 32 
-34 17 -73 29 15 -68 48 18 -32 -37 -45 37 -65 52 -29 -84 
-43 11 -45 77 78 -42 106 -44 77 114 -5 19 42 -13 -16 -32 
-42 86 -41 -30 -24 25 67 12 53 -51 152 -122 136 1 -64 84 
54 -8 -6 -107 31 -93 92 -115 17 -26 65 -46 130 -90 20 90 
22 62 -6 21 23 -104 54 -158 122 -21 -74 11 25 -19 -18 12 
-17 -86 49 93 -90 31 -1 -58 19 -100 -46 40 7 -15 -60 44 
-71 51 15 -24 20 67 -86 10 -2 -39 -36 21 -50 22 -28 -24 

64
72 71 78 112 72 86 -7 71 
70 88 49 32 63 76 -8 46 
32 89 51 78 71 32 84 23 
56 54 86 54 107 26 46 86 
62 29 15 48 71 38 52 32 
86 77 78 106 114 152 136 84 
62 21 31 92 122 65 130 90 
51 93 67 10 19 40 22 44 

16
88 112 86 71 
89 86 107 86 
86 106 152 136 
93 92 122 130 

4
112 107 
106 152 

4
755 -693 
28 -108 

4
9188 870 
-3961 1643 

4
-13118 47512 
48558 35907 

4
-1060 -145713 
-494718 14809 

4
-2967588 -1874406 
-1402689 -2271481 


64 
 -3 -7 3 -6 -4 -7 1 2 
-3 -7 -1 -2 -2 0 4 3 
-5 -1 8 8 6 -3 3 4 
7 -2 5 7 7 0 -6 -1 
-7 7 2 -1 -6 0 3 5 
-7 -1 -2 0 -4 -5 -5 -6 
-5 1 2 0 1 3 -3 -3 
8 6 -2 -5 2 1 2 4 

64
21 -34 82 -25 33 -19 36 4 
30 -75 63 8 25 -71 -20 7 
43 -62 -1 -33 -12 -77 -6 31 
-17 -95 -23 5 37 -23 -51 56 
-34 59 -61 14 26 86 -2 -24 
-106 32 34 54 -28 -5 -4 22 
-32 19 -9 -12 26 12 -20 -22 
-7 -34 -14 -16 15 18 9 -12 

16
30 82 33 36 
43 5 37 56 
59 54 86 22 
19 -9 26 9 

16
-722 778 114 -1222 
148 1137 1170 1265 
136 619 -949 77 
1425 -1137 -696 857 

16
-7818 -4675 12261 -8659 
-9323 -7976 15431 6829 
-20598 18009 -9274 -15325 
12472 7928 -14005 2373 

16
0 0 12261 0 
0 0 15431 6829 
0 18009 0 0 
12472 7928 0 2373 

4
0 15431 
18009 2373 

4
0 15431 
18009 2373 

4
-168598 170971 
124473 -13878 

4
1153660 775190 
-271049 -1271374 

4
1153660 775190 
0 0 


4 
 -4 4 
5 7 

4
14 34 
71 44 

4
14 34 
71 44 

4
14 34 
71 44 

4
538 545 
-224 -251 

4
-395 4803 
370 -5653 


256 
 4 -5 7 -2 7 3 3 0 -6 1 -2 3 8 -7 -2 3 
8 -4 0 -2 -6 3 -6 6 8 -1 -3 6 -1 0 -4 -7 
2 -6 8 -7 2 6 -5 -4 5 -6 -7 4 8 -4 -7 2 
8 -2 -4 -4 -4 3 8 5 -7 -2 -2 -6 6 5 -6 -5 
1 -7 3 3 -5 0 7 1 6 0 2 5 4 1 0 -1 
-4 -5 7 -5 -2 8 5 -3 6 -4 -2 2 -1 7 -2 -7 
1 -2 5 4 -3 -5 5 2 3 -5 7 0 -2 -2 1 -3 
6 0 6 0 -2 -7 8 -2 5 -6 -3 -2 -3 2 -4 2 
0 -5 -5 -6 3 2 4 4 -3 7 3 6 3 2 1 -6 
2 -6 1 3 -4 1 -4 -6 -2 8 -4 4 -1 -2 -1 -6 
3 2 7 7 -5 6 4 6 -1 6 -3 -7 -3 4 8 -3 
8 5 -7 0 -3 5 2 -6 -3 -4 6 -2 4 -5 -2 -7 
-2 -6 2 0 -3 0 -4 -1 4 8 6 -4 2 -2 -2 0 
-3 2 4 2 5 5 -6 -1 6 -6 -3 -5 4 5 2 -6 
-1 1 -6 4 6 2 -7 2 -6 0 -6 8 3 4 8 -7 
4 -4 -1 -2 5 2 -1 -5 -7 6 -4 0 8 -6 8 -2 

256
4 0 7 0 7 3 3 0 0 1 0 3 8 0 0 3 
8 0 0 0 0 3 0 6 8 0 0 6 0 0 0 0 
2 0 8 0 2 6 0 0 5 0 0 4 8 0 0 2 
8 0 0 0 0 3 8 5 0 0 0 0 6 5 0 0 
1 0 3 3 0 0 7 1 6 0 2 5 4 1 0 0 
0 0 7 0 0 8 5 0 6 0 0 2 0 7 0 0 
1 0 5 4 0 0 5 2 3 0 7 0 0 0 1 0 
6 0 6 0 0 0 8 0 5 0 0 0 0 2 0 2 
0 0 0 0 3 2 4 4 0 7 3 6 3 2 1 0 
2 0 1 3 0 1 0 0 0 8 0 4 0 0 0 0 
3 2 7 7 0 6 4 6 0 6 0 0 0 4 8 0 
8 5 0 0 0 5 2 0 0 0 6 0 4 0 0 0 
0 0 2 0 0 0 0 0 4 8 6 0 2 0 0 0 
0 2 4 2 5 5 0 0 6 0 0 0 4 5 2 0 
0 1 0 4 6 2 0 2 0 0 0 8 3 4 8 0 
4 0 0 0 5 2 0 0 0 6 0 0 8 0 8 0 

256
4 0 7 0 7 3 3 0 0 1 0 3 8 0 0 3 
8 0 0 0 0 3 0 6 8 0 0 6 0 0 0 0 
2 0 8 0 2 6 0 0 5 0 0 4 8 0 0 2 
8 0 0 0 0 3 8 5 0 0 0 0 6 5 0 0 
1 0 3 3 0 0 7 1 6 0 2 5 4 1 0 0 
0 0 7 0 0 8 5 0 6 0 0 2 0 7 0 0 
1 0 5 4 0 0 5 2 3 0 7 0 0 0 1 0 
6 0 6 0 0 0 8 0 5 0 0 0 0 2 0 2 
0 0 0 0 3 2 4 4 0 7 3 6 3 2 1 0 
2 0 1 3 0 1 0 0 0 8 0 4 0 0 0 0 
3 2 7 7 0 6 4 6 0 6 0 0 0 4 8 0 
8 5 0 0 0 5 2 0 0 0 6 0 4 0 0 0 
0 0 2 0 0 0 0 0 4 8 6 0 2 0 0 0 
0 2 4 2 5 5 0 0 6 0 0 0 4 5 2 0 
0 1 0 4 6 2 0 2 0 0 0 8 3 4 8 0 
4 0 0 0 5 2 0 0 0 6 0 0 8 0 8 0 

256
4 0 7 0 7 3 3 0 0 1 0 3 8 0 0 3 
8 0 0 0 0 3 0 6 8 0 0 6 0 0 0 0 
2 0 8 0 2 6 0 0 5 0 0 4 8 0 0 2 
8 0 0 0 0 3 8 5 0 0 0 0 6 5 0 0 
1 0 3 3 0 0 7 1 6 0 2 5 4 1 0 0 
0 0 7 0 0 8 5 0 6 0 0 2 0 7 0 0 
1 0 5 4 0 0 5 2 3 0 7 0 0 0 1 0 
6 0 6 0 0 0 8 0 5 0 0 0 0 2 0 2 
0 0 0 0 3 2 4 4 0 7 3 6 3 2 1 0 
2 0 1 3 0 1 0 0 0 8 0 4 0 0 0 0 
3 2 7 7 0 6 4 6 0 6 0 0 0 4 8 0 
8 5 0 0 0 5 2 0 0 0 6 0 4 0 0 0 
0 0 2 0 0 0 0 0 4 8 6 0 2 0 0 0 
0 2 4 2 5 5 0 0 6 0 0 0 4 5 2 0 
0 1 0 4 6 2 0 2 0 0 0 8 3 4 8 0 
4 0 0 0 5 2 0 0 0 6 0 0 8 0 8 0 


256 
 -7 -6 1 8 -7 6 4 -1 -2 -2 2 -1 -4 -6 7 7 
8 1 6 -2 -3 -4 -3 -7 5 -3 7 -4 0 -4 -3 0 
-6 -4 5 4 -6 7 7 -1 -3 0 -6 -1 1 -1 -6 3 
1 4 7 6 8 -6 1 0 -7 -3 -5 2 6 -6 6 0 
-7 5 3 3 -3 -3 1 -2 -6 -6 -3 0 -7 6 8 1 
0 -7 -1 2 7 2 -6 -4 5 0 4 -3 -7 -5 -3 2 
-6 -5 -6 0 1 1 -4 -7 -4 6 -5 0 3 3 0 7 
7 5 3 0 -7 6 -1 2 -3 -4 4 -7 -7 -6 6 -6 
2 -3 -6 7 -3 2 1 4 8 5 -2 -4 1 -4 2 -6 
-7 -6 -5 -4 -4 2 4 -3 -5 0 -5 -7 1 -2 5 -2 
-5 1 0 3 -6 8 5 8 -1 -4 -5 1 -4 -3 -3 4 
-1 8 0 8 4 1 4 6 6 0 4 0 1 6 3 7 
-5 -2 -6 7 -2 7 -2 6 0 -5 -2 -1 1 0 7 0 
-4 -6 -4 6 8 -3 0 8 -5 5 8 6 -4 5 8 -1 
7 -5 -5 -6 3 -4 -4 -5 -3 -1 8 -5 5 -3 5 8 
4 -5 -3 -1 3 -5 -7 -3 1 -1 -6 -5 4 0 2 6 

256
-33 -18 -11 125 -138 83 20 -26 -3 -26 32 21 25 -52 51 4 
40 -181 0 18 40 -46 110 -31 96 -115 115 -83 23 -41 6 93 
7 14 47 39 -150 22 -44 -65 -21 104 -30 29 -2 4 -123 51 
-55 -107 -23 -2 87 -111 134 106 -29 48 -64 -19 69 -179 43 -63 
-61 119 26 85 34 38 32 6 -44 -61 -25 82 -34 71 -2 -13 
46 -48 87 -2 26 -15 -22 -12 1 -139 12 -45 -44 16 62 84 
-49 -4 -66 69 48 66 -8 -53 -8 143 -56 59 -33 -87 -118 63 
-9 -77 -88 -24 -85 102 -96 -54 -100 -38 147 -64 59 -2 170 -41 
109 101 -10 148 -118 -10 8 -6 3 -29 -7 -33 -29 -136 62 -41 
0 22 -22 33 9 -31 36 10 76 171 33 -56 62 -58 35 -78 
-110 -58 -115 -21 -174 47 -66 18 -88 -36 -59 3 -84 7 -43 67 
-72 58 -113 31 -42 -55 65 38 74 -86 -18 -72 -53 -46 -113 41 
3 114 -35 116 -38 135 -101 125 68 -19 17 36 25 -54 112 17 
-16 -11 -46 9 89 -38 29 130 -90 -33 -61 5 -117 22 34 -26 
72 -93 -15 -34 181 50 36 40 52 -24 213 -57 110 -91 57 70 
97 -28 -48 -70 35 -15 -53 -38 -15 9 22 10 54 -17 -14 109 

256
-994 -540 79 -421 -363 1716 -603 813 -339 808 -190 224 -1005 77 771 138 
-682 464 1724 -625 -858 -337 -924 -794 -24 357 720 -1098 349 -792 499 -736 
-570 312 506 -1078 -632 1222 -194 477 1611 -438 -614 19 -543 -885 -855 74 
-324 412 1442 1337 921 1625 2170 -404 -785 -1368 -889 926 -447 301 1826 5 
1362 2243 669 494 -601 -270 -1077 -2111 -1874 -430 231 -148 -329 1168 1281 927 
-487 -1006 -763 -1003 43 -358 -465 -295 258 1170 1787 -853 -448 -915 -628 -606 
-709 -1212 -842 -906 -145 -860 -794 -1129 713 843 399 1338 -442 794 799 511 
1044 1045 2017 -143 -78 -1299 -1265 543 -94 625 -1139 -1027 -552 1315 311 -818 
1032 12 1529 422 -639 1064 341 1902 2462 1795 80 -479 -926 -45 -932 -1382 
-1832 -2993 -1927 -2138 -1142 -124 312 -579 492 -1102 -1668 -283 490 73 665 -210 
-426 -756 114 -1027 -124 782 -39 379 -1403 -1658 -1771 -851 -804 -914 141 277 
1991 1612 2087 2075 1856 1476 1659 1051 685 678 996 808 758 804 1018 1225 
868 -277 17 953 533 531 301 492 -1475 -1143 767 -180 -63 1205 1548 -353 
-627 -1070 -1400 1209 -91 508 1238 -524 -1961 1356 751 736 -413 1352 -571 -394 
-96 -226 8 757 -290 -1624 -1043 -1299 -686 1970 651 335 794 119 1264 54 
-393 -703 541 331 -813 -2107 -795 -371 -212 -546 -1179 -1039 -327 -656 710 -734 

64
464 1724 1716 813 808 720 349 771 
412 1442 1625 2170 1611 926 301 1826 
2243 669 43 -295 1170 1787 1168 1281 
1045 2017 -78 543 843 1338 1315 799 
1032 1529 1064 1902 2462 80 490 665 
1991 2087 1856 1659 685 996 804 1225 
868 1209 533 1238 1356 767 1352 1548 
-96 757 -290 -371 1970 651 794 1264 

64
464 1724 1716 813 808 720 349 771 
412 1442 1625 2170 1611 926 301 1826 
2243 669 43 0 1170 1787 1168 1281 
1045 2017 0 543 843 1338 1315 799 
1032 1529 1064 1902 2462 80 490 665 
1991 2087 1856 1659 685 996 804 1225 
868 1209 533 1238 1356 767 1352 1548 
0 757 0 0 1970 651 794 1264 

64
464 1724 1716 813 808 720 349 771 
412 1442 1625 2170 1611 926 301 1826 
2243 669 43 0 1170 1787 1168 1281 
1045 2017 0 543 843 1338 1315 799 
1032 1529 1064 1902 2462 80 490 665 
1991 2087 1856 1659 685 996 804 1225 
868 1209 533 1238 1356 767 1352 1548 
0 757 0 0 1970 651 794 1264 

16
1724 2170 1611 1826 
2243 543 1787 1315 
2087 1902 2462 1225 
1209 1238 1970 1548 


4 
 0 3 
-4 -4 

4
0 3 
0 0 

4
24 18 
6 21 

4
138 -105 
150 -213 

4
-1449 -483 
-1281 -2190 

4
2901 3192 
-132 17211 

4
39633 -74178 
113448 118266 

4
-605868 -58719 
-1267656 -1011573 

4
0 0 
0 0 

4
0 0 
0 0 

4
0 0 
0 0 

4
0 0 
0 0 


256 
 7 -3 1 6 7 -7 -6 7 2 4 7 -1 -2 -5 -6 1 
0 5 -6 8 0 2 7 -7 0 -7 6 4 7 7 4 -5 
7 2 3 3 -7 7 1 1 0 6 6 1 -5 -1 -6 -2 
-1 -5 -4 -6 -1 6 1 3 -2 -5 -4 -6 -4 2 7 -6 
-3 1 -4 -2 -3 -6 -6 1 8 7 0 0 -2 6 7 3 
3 1 2 6 -1 -4 5 3 8 8 -5 3 3 6 -2 0 
7 -5 3 -6 7 -7 -1 -6 8 1 -2 4 -7 3 -2 -3 
7 8 7 2 1 6 2 5 8 3 2 8 -5 -2 1 3 
8 -4 -6 3 -7 -2 -6 1 8 1 -2 -4 -6 4 2 5 
8 -1 7 -1 -6 8 -6 6 7 4 0 4 3 -6 1 -6 
-7 3 4 -1 -7 1 -7 2 -2 0 -7 -7 -5 4 0 4 
7 -3 -3 2 -5 4 3 1 2 -1 0 -6 4 7 -4 -2 
-1 -1 8 0 1 -4 -7 -6 8 5 7 7 4 -7 1 -6 
-4 2 -5 7 -2 2 -3 -3 2 7 -1 -4 -5 3 5 7 
7 -1 8 -7 1 6 8 -4 -5 2 0 -1 -5 -2 5 -5 
1 -4 0 3 8 6 -5 0 6 -7 3 -4 7 -3 -4 4 

64
7 8 7 7 4 7 7 4 
7 3 7 3 6 6 2 7 
3 6 -1 5 8 3 6 7 
8 7 7 5 8 8 3 3 
8 7 8 6 8 4 4 5 
7 4 4 3 2 0 7 4 
2 8 2 -3 8 7 4 7 
7 8 8 8 6 3 7 5 

64
36 63 82 63 61 66 55 75 
-3 109 69 87 95 72 94 117 
22 88 79 57 76 130 72 83 
19 112 109 43 111 121 66 98 
23 118 110 98 79 93 98 84 
-7 114 97 40 69 94 47 112 
11 97 99 65 58 57 62 121 
-8 67 123 43 18 87 61 80 

64
36 63 82 63 61 66 55 75 
0 109 69 87 95 72 94 117 
22 88 79 57 76 130 72 83 
19 112 109 43 111 121 66 98 
23 118 110 98 79 93 98 84 
0 114 97 40 69 94 47 112 
11 97 99 65 58 57 62 121 
0 67 123 43 18 87 61 80 

64
-99 586 528 513 543 492 453 1097 
-719 574 186 375 520 573 310 1061 
-412 100 890 -70 318 1092 11 993 
-594 350 1006 219 194 505 627 1043 
-771 155 675 540 -214 482 557 984 
-855 109 824 200 259 415 -100 1519 
-647 -286 1029 503 -187 346 181 866 
-584 -830 413 198 -384 138 -331 186 

16
586 528 573 1097 
350 1006 1092 1043 
155 824 482 1519 
-286 1029 346 866 

16
586 528 573 1097 
350 1006 1092 1043 
155 824 482 1519 
0 1029 346 866 

16
8323 14796 -17603 21006 
-11147 18796 -8558 -3167 
29310 8948 25361 1514 
36851 21314 29280 25715 

16
-289945 318763 954304 -714701 
-227108 381813 -85941 303672 
-27313 257435 -45764 426719 
65062 162996 722362 327068 

16
13014130 -949893 10109702 9837446 
3829931 12493570 8887980 6234271 
1279796 -1930660 6898008 6755513 
872720 -5037826 16213459 2250703 

16
32832908 -347795311 -135752827 -39605697 
181072546 -210059032 100413741 27885213 
-16872678 68457703 66708003 -133576020 
-52588633 90916169 278660455 16007041 

16
-706380905 -769654082 -2999625080 -813259979 
-2532117538 1892836405 -2369321959 102259980 
-1462521047 2515226756 878436507 1266907875 
664651448 718903048 324511913 2712566730 


64 
 0 -1 -4 2 -1 8 -3 -2 
6 -1 4 3 -3 -6 -3 6 
2 8 6 6 4 8 -7 1 
-6 5 6 -6 1 -6 -5 -7 
-2 8 -7 -7 7 2 -3 -7 
-5 0 6 -3 0 8 3 5 
5 7 -4 4 5 1 0 -2 
-6 1 7 6 -5 1 -5 4 

64
37 4 -15 45 36 -7 -62 -6 
28 86 57 110 -38 106 -41 -21 
19 8 171 97 67 20 -101 -55 
-98 85 63 -109 -66 107 -109 -109 
-92 -22 88 -86 24 66 45 -43 
-81 168 28 -86 92 113 94 -9 
-25 -28 96 87 6 47 -56 9 
-46 57 3 52 16 -23 -7 -8 

64
37 4 0 45 36 0 0 0 
28 86 57 110 0 106 0 0 
19 8 171 97 67 20 0 0 
0 85 63 0 0 107 0 0 
0 0 88 0 24 66 45 0 
0 168 28 0 92 113 94 0 
0 0 96 87 6 47 0 9 
0 57 3 52 16 0 0 0 

16
86 110 106 0 
85 171 107 0 
168 88 113 94 
57 96 47 9 


16 
 -3 -5 8 -7 
-4 3 2 8 
0 2 4 -1 
-3 7 5 0 

16
60 -4 181 104 
-120 -124 -81 -65 
108 32 160 -116 
40 -82 108 -128 

16
428 -636 573 186 
-252 347 -1963 432 
266 -154 319 -651 
242 -1722 1678 -256 

16
428 0 573 186 
0 347 0 432 
266 0 319 0 
242 0 1678 0 

16
428 0 573 186 
0 347 0 432 
266 0 319 0 
242 0 1678 0 

16
-775 -5214 -4042 -1764 
301 -5144 -770 -1871 
-1896 -3224 -4419 -6004 
1620 -14038 555 -3994 

16
0 0 0 0 
301 0 0 0 
0 0 0 0 
1620 0 555 0 

4
301 0 
1620 555 


64 
 4 3 8 5 5 0 -6 4 
-5 5 5 8 2 5 2 -4 
0 8 -1 -4 0 -1 3 4 
-3 -5 -3 -6 -6 -1 6 8 
7 -2 -6 5 7 1 2 5 
3 6 7 0 5 -7 -7 -6 
7 0 5 -5 4 8 4 -2 
6 -5 3 4 3 5 3 3 

16
5 8 5 4 
8 -1 0 8 
7 7 7 5 
7 5 8 4 

4
8 8 
7 8 

4
8 8 
7 8 

4
181 61 
48 71 

4
1229 1832 
-1350 832 


4 
 3 8 
0 -6 

4
3 8 
0 0 

4
45 16 
-27 53 

4
-453 -320 
413 408 

4
0 0 
413 408 

4
0 0 
413 408 

4
2881 -4921 
4508 3304 

4
78085 -42797 
-40 15166 

4
78085 0 
0 15166 

4
251676 138749 
574672 -30332 

4
2298688 1982457 
2258319 2777854 

4
-373004 -9515316 
30424056 -21785450 


4 
 6 -5 
5 -5 

4
42 -5 
38 -25 

4
-347 -5 
-53 -247 

4
0 0 
0 0 


256 
 5 -2 7 0 -4 -3 -3 4 7 -4 2 -3 0 -5 -7 7 
-5 2 -1 3 1 4 8 8 4 6 6 -7 7 2 8 -5 
-1 -2 -1 -7 -5 -7 -2 -4 -6 -2 -6 -3 0 0 4 -4 
1 1 6 6 -5 -7 5 1 2 5 1 8 1 -4 2 -4 
-6 4 6 0 -3 7 2 6 5 -5 7 -5 0 -4 -7 2 
3 -7 4 -3 8 0 -5 6 8 5 6 8 -1 -1 3 5 
-7 -3 7 1 3 5 -1 0 2 0 1 -3 4 -4 -7 0 
7 8 -2 7 -6 3 8 -1 -3 4 -1 -3 2 -5 7 5 
0 1 6 -7 -7 -4 1 7 -3 6 -3 8 3 4 -5 -7 
-6 0 7 6 7 -6 -3 5 0 5 -1 5 3 5 1 3 
5 -3 8 -5 7 0 7 -6 -3 -7 -4 -7 5 1 7 -4 
6 -7 -6 -4 7 6 1 -7 4 -6 7 2 0 7 -6 6 
-1 -4 -1 -2 -6 -7 4 8 6 -3 -2 -5 1 -3 -6 4 
-5 -3 5 4 2 -6 -4 3 -3 1 -3 -3 0 5 -2 5 
-3 1 5 -6 -3 -7 0 8 1 -3 -6 7 8 -5 8 -5 
3 4 6 0 4 6 -5 5 -1 3 2 0 5 1 8 4 

256
5 0 7 0 0 0 0 4 7 0 2 0 0 0 0 7 
0 2 0 3 1 4 8 8 4 6 6 0 7 2 8 0 
0 0 0 0 0 0 0 0 0 0 0 0 0 0 4 0 
1 1 6 6 0 0 5 1 2 5 1 8 1 0 2 0 
0 4 6 0 0 7 2 6 5 0 7 0 0 0 0 2 
3 0 4 0 8 0 0 6 8 5 6 8 0 0 3 5 
0 0 7 1 3 5 0 0 2 0 1 0 4 0 0 0 
7 8 0 7 0 3 8 0 0 4 0 0 2 0 7 5 
0 1 6 0 0 0 1 7 0 6 0 8 3 4 0 0 
0 0 7 6 7 0 0 5 0 5 0 5 3 5 1 3 
5 0 8 0 7 0 7 0 0 0 0 0 5 1 7 0 
6 0 0 0 7 6 1 0 4 0 7 2 0 7 0 6 
0 0 0 0 0 0 4 8 6 0 0 0 1 0 0 4 
0 0 5 4 2 0 0 3 0 1 0 0 0 5 0 5 
0 1 5 0 0 0 0 8 1 0 0 7 8 0 8 0 
3 4 6 0 4 6 0 5 0 3 2 0 5 1 8 4 

256
-47 75 -73 20 -36 -63 -52 -44 -101 -15 -50 -50 -33 -75 26 -73 
41 8 69 8 40 41 32 43 107 49 -2 92 -33 61 -51 63 
-7 -32 -48 -20 0 1 39 38 11 21 -18 -8 10 56 12 38 
-23 -2 -19 -30 -12 7 -90 -20 -2 -74 61 -64 33 25 -6 16 
29 1 5 18 50 -52 59 -36 -59 38 -102 37 5 -13 -13 -32 
-17 31 -13 60 -91 53 70 51 51 63 79 -32 28 12 21 -10 
-54 24 -87 51 25 -53 -2 30 25 61 34 83 -10 -25 -31 -2 
9 -53 111 -38 82 71 -71 18 -15 -39 -41 -19 -51 57 -21 0 
51 60 -63 -16 -15 10 68 -35 42 -37 61 -63 7 -30 24 34 
-14 4 8 1 -40 -27 31 -18 92 -5 91 2 66 -43 30 -37 
-53 78 -15 112 -53 67 -65 33 8 -29 -13 41 -40 88 -78 35 
-17 53 40 87 34 5 -2 -14 -70 58 -33 20 89 -25 97 -33 
30 -12 -39 -32 23 78 41 10 3 46 34 39 -24 25 14 -13 
-6 7 -21 -2 6 14 4 7 50 8 -37 -68 0 -104 45 -39 
-25 -19 -31 20 -26 -24 19 -48 10 -11 44 -21 -37 63 -87 29 
12 45 6 77 20 -22 78 6 78 -2 8 93 34 114 21 36 

64
75 69 41 43 107 92 61 63 
-2 -19 7 39 21 61 56 38 
31 60 53 70 63 79 28 21 
24 111 82 30 61 83 57 0 
60 8 10 68 92 91 66 34 
78 112 67 33 58 41 89 97 
30 -2 78 41 50 39 25 45 
45 77 20 78 78 93 114 36 

64
-572 -264 21 -77 -113 459 530 428 
284 553 325 168 409 254 74 350 
259 725 576 302 169 596 578 212 
-310 -499 -39 466 357 772 787 621 
163 1123 529 -263 -131 287 1007 985 
-398 -154 338 207 12 -47 -234 368 
60 329 58 460 754 739 699 639 
-373 -600 -188 -732 -508 -598 -421 299 

64
0 0 21 0 0 459 530 428 
284 553 325 168 409 254 74 350 
259 725 576 302 169 596 578 212 
0 0 0 466 357 772 787 621 
163 1123 529 0 0 287 1007 985 
0 0 338 207 12 0 0 368 
60 329 58 460 754 739 699 639 
0 0 0 0 0 0 0 299 

64
0 0 21 0 0 459 530 428 
284 553 325 168 409 254 74 350 
259 725 576 302 169 596 578 212 
0 0 0 466 357 772 787 621 
163 1123 529 0 0 287 1007 985 
0 0 338 207 12 0 0 368 
60 329 58 460 754 739 699 639 
0 0 0 0 0 0 0 299 


4 
 -5 -1 
3 -2 

4
10 25 
44 -34 

4
10 25 
44 0 

4
31 464 
338 9 

4
548 4535 
-19 -1291 

4
-18115 34760 
41550 8121 

4
30468 -63369 
152881 -132007 

4
-1157251 -680708 
163620 -810286 

4
-1214432 3937264 
-5895979 4372167 

4
45292826 -32562765 
31888925 24517597 


64 
 -4 4 1 -4 -6 8 6 -3 
-5 4 8 1 2 0 8 4 
-6 8 -5 5 1 6 -2 -4 
0 5 -6 -5 -2 -2 1 -2 
1 -2 -2 0 1 -2 4 -3 
0 4 -6 -4 5 -5 -4 -4 
2 3 -3 3 2 -5 -5 -5 
-2 6 -1 -4 5 2 -7 -6 

64
-4 -63 37 23 38 -112 11 67 
3 -42 -53 87 -25 -40 -29 50 
56 -109 51 -31 18 -47 0 34 
45 -120 127 -62 17 -47 61 19 
-30 33 67 -49 15 18 -57 43 
-4 10 34 -6 -36 70 -34 30 
-47 -4 115 -87 -41 140 -1 -14 
5 -56 66 -10 -42 51 58 7 

64
0 0 37 23 38 0 11 67 
3 0 0 87 0 0 0 50 
56 0 51 0 18 0 0 34 
45 0 127 0 17 0 61 19 
0 33 67 0 15 18 0 43 
0 10 34 0 0 70 0 30 
0 0 115 0 0 140 0 0 
5 0 66 0 0 51 58 7 

16
3 87 38 67 
56 127 18 61 
33 67 70 43 
5 115 140 58 

4
127 67 
115 140 

4
-2220 -1780 
-1048 -1070 

4
-14332 -11594 
-10600 -16790 

4
113256 -319616 
80164 195100 

4
113256 0 
80164 195100 


16 
 1 -1 8 2 
-5 3 -2 8 
5 0 -7 1 
8 6 3 -3 

16
1 0 8 2 
0 3 0 8 
5 0 0 1 
8 6 3 0 

4
3 8 
8 3 

4
95 -9 
39 57 

4
95 0 
39 57 

4
95 0 
39 57 

4
95 0 
39 57 

4
-695 339 
316 -114 

4
-5622 2023 
1920 4302 


4 
 -2 -1 
3 -5 

4
0 0 
3 0 

4
0 0 
3 0 

4
0 15 
9 3 

4
48 93 
27 -72 

4
348 1113 
-117 156 

4
9261 2541 
-6696 -4632 

4
9261 2541 
0 0 

4
80073 17787 
-16716 -19425 

4
-45633 237741 
-493038 361284 

4
896511 -1365 
2753184 -2914149 


256 
 -4 7 4 -7 1 1 3 -7 -6 5 -4 1 6 7 -4 -6 
-7 2 -2 -4 8 -5 -7 -5 7 -7 6 -7 3 4 8 4 
8 -5 8 -4 -4 -2 5 -4 -4 4 -3 -1 -3 7 6 5 
-1 2 0 5 3 5 4 2 6 -3 -4 -7 -6 7 -5 -1 
4 -5 5 1 2 7 -3 0 1 5 -2 5 1 -6 -6 -3 
3 1 5 -6 -6 2 5 -4 0 5 3 2 -2 -7 -7 -2 
3 3 -1 -1 7 -5 6 2 -2 -2 1 2 2 -5 6 -4 
1 8 -1 -6 0 8 -7 1 -3 -2 5 -2 7 0 7 6 
-2 -6 -5 -2 5 8 -3 4 -2 -1 0 3 1 -2 4 -4 
1 4 1 4 -4 5 -1 -3 2 5 -6 5 6 2 -1 -5 
-3 4 -3 2 -6 -2 7 3 -5 -4 -4 6 8 -2 6 6 
6 3 7 4 7 4 2 5 -3 1 7 7 -5 4 8 1 
8 -3 -1 4 -2 5 -1 -2 -7 -1 6 1 7 -4 8 4 
-7 7 -7 8 -2 2 6 -4 8 0 -2 -5 8 -1 8 -3 
0 1 7 8 -4 2 6 6 4 -2 -6 2 3 -1 7 0 
0 3 0 1 4 -7 3 6 3 3 -3 0 -2 4 5 -6 

256
0 7 4 0 1 1 3 0 0 5 0 1 6 7 0 0 
0 2 0 0 8 0 0 0 7 0 6 0 3 4 8 4 
8 0 8 0 0 0 5 0 0 4 0 0 0 7 6 5 
0 2 0 5 3 5 4 2 6 0 0 0 0 7 0 0 
4 0 5 1 2 7 0 0 1 5 0 5 1 0 0 0 
3 1 5 0 0 2 5 0 0 5 3 2 0 0 0 0 
3 3 0 0 7 0 6 2 0 0 1 2 2 0 6 0 
1 8 0 0 0 8 0 1 0 0 5 0 7 0 7 6 
0 0 0 0 5 8 0 4 0 0 0 3 1 0 4 0 
1 4 1 4 0 5 0 0 2 5 0 5 6 2 0 0 
0 4 0 2 0 0 7 3 0 0 0 6 8 0 6 6 
6 3 7 4 7 4 2 5 0 1 7 7 0 4 8 1 
8 0 0 4 0 5 0 0 0 0 6 1 7 0 8 4 
0 7 0 8 0 2 6 0 8 0 0 0 8 0 8 0 
0 1 7 8 0 2 6 6 4 0 0 2 3 0 7 0 
0 3 0 1 4 0 3 6 3 3 0 0 0 4 5 0 

256
62 53 -22 16 -43 -31 11 9 -9 -6 -54 20 73 -14 -100 -84 
-26 0 -84 -6 44 -13 -33 9 57 2 -16 14 90 31 -48 -89 
50 22 33 -42 -25 -36 -32 -30 -10 -38 -4 -18 91 46 1 -23 
4 -19 16 -19 35 -8 -23 25 38 -58 -36 -32 28 54 -34 -14 
6 15 -7 -18 64 34 -85 -27 64 -29 -30 -2 -15 10 -28 0 
19 -15 12 -13 -19 25 -47 -74 38 58 0 -5 -54 0 -42 -42 
64 -60 -62 36 63 -22 -5 -41 -5 39 -24 0 -55 12 -1 -115 
81 30 -44 29 67 -67 -52 -43 -40 42 40 22 3 37 67 -50 
23 -20 -55 5 92 1 -65 28 -19 -39 14 0 -64 -42 32 -32 
49 -4 -1 12 36 42 -84 -46 13 17 44 63 -82 -48 -24 -100 
9 -16 -64 -42 -79 -5 12 -58 -30 16 3 18 -25 -8 -11 -57 
6 -1 55 24 30 -13 19 -5 -24 79 60 7 -60 39 12 -123 
79 -85 17 -42 -20 13 -78 -16 -74 8 62 47 -45 28 18 -98 
75 17 12 -57 -72 72 -36 -32 -30 -48 20 51 15 20 15 -105 
31 54 65 33 -79 55 71 -24 -42 -90 -5 50 35 15 -12 -95 
26 31 22 25 -12 24 79 38 -1 -13 -8 10 30 62 23 -48 

256
62 53 0 16 0 0 11 9 0 0 0 20 73 0 0 0 
0 0 0 0 44 0 0 9 57 2 0 14 90 31 0 0 
50 22 33 0 0 0 0 0 0 0 0 0 91 46 1 0 
4 0 16 0 35 0 0 25 38 0 0 0 28 54 0 0 
6 15 0 0 64 34 0 0 64 0 0 0 0 10 0 0 
19 0 12 0 0 25 0 0 38 58 0 0 0 0 0 0 
64 0 0 36 63 0 0 0 0 39 0 0 0 12 0 0 
81 30 0 29 67 0 0 0 0 42 40 22 3 37 67 0 
23 0 0 5 92 1 0 28 0 0 14 0 0 0 32 0 
49 0 0 12 36 42 0 0 13 17 44 63 0 0 0 0 
9 0 0 0 0 0 12 0 0 16 3 18 0 0 0 0 
6 0 55 24 30 0 19 0 0 79 60 7 0 39 12 0 
79 0 17 0 0 13 0 0 0 8 62 47 0 28 18 0 
75 17 12 0 0 72 0 0 0 0 20 51 15 20 15 0 
31 54 65 33 0 55 71 0 0 0 0 50 35 15 0 0 
26 31 22 25 0 24 79 38 0 0 0 10 30 62 23 0 

64
62 16 44 11 57 20 90 0 
50 33 35 25 38 0 91 1 
19 12 64 0 64 0 10 0 
81 36 67 0 42 40 37 67 
49 12 92 28 17 63 0 32 
9 55 30 19 79 60 39 12 
79 17 72 0 8 62 28 18 
54 65 55 79 0 50 62 23 

16
62 44 57 91 
81 67 64 67 
55 92 79 39 
79 79 62 62 

16
1420 793 1087 683 
1725 1702 1474 938 
1864 2116 1419 826 
968 847 925 608 


16 
 5 -4 -4 1 
-5 1 0 0 
-5 -5 1 1 
2 6 8 2 

16
-94 -32 60 -49 
-35 -6 30 69 
-3 -19 -7 -108 
63 5 -37 -1 

16
0 0 60 0 
0 0 30 69 
0 0 0 0 
63 5 0 0 


4 
 1 8 
4 0 

4
-19 43 
63 -27 

4
629 108 
291 -313 

4
629 108 
291 0 

4
-1962 -1333 
3854 1483 

4
-33435 22485 
-10827 -23741 

4
296990 -381340 
294814 -227698 


4 
 -6 -6 
-6 -5 

4
0 0 
0 0 


4 
 6 0 
-5 -5 

4
-11 -20 
-27 55 

4
0 0 
0 55 

4
-55 110 
110 275 

4
0 110 
110 275 

4
0 110 
110 275 

4
-1155 660 
2475 -1980 


256 
 -6 2 1 -7 -2 -6 0 6 1 5 -2 6 1 8 -5 -4 
4 -4 -7 -3 -1 -7 -4 -5 5 4 -2 4 -5 6 7 -7 
0 -3 -1 7 4 -1 4 2 -5 -1 -3 -4 4 6 0 -5 
0 4 0 -1 -4 7 -1 0 -7 5 -4 0 8 7 -5 -1 
-2 3 -6 -4 -3 -6 -4 -7 -1 -5 8 2 6 3 0 6 
6 3 -5 6 -6 -5 -2 1 -6 -1 -1 0 6 0 -7 0 
-5 -3 6 8 8 -2 1 7 -2 5 8 -6 5 -3 -4 -2 
7 -1 6 6 8 8 -4 -6 7 -2 -3 -2 5 -2 6 4 
-1 6 1 1 -5 -7 6 7 -4 -1 -7 1 2 -5 8 8 
8 2 6 -4 -5 -7 1 6 7 4 4 -3 5 1 6 6 
-4 1 5 7 7 -3 6 -1 2 -2 2 7 -1 -4 -4 5 
-5 -1 6 5 0 8 -2 0 3 -1 7 -4 6 -4 3 7 
4 3 8 8 3 -7 6 -5 -2 -6 -5 8 3 0 3 -3 
1 -4 -2 1 -7 -2 7 3 7 4 4 3 7 6 -2 -2 
-1 1 7 8 -1 -2 2 0 -4 3 7 7 -4 -6 1 0 
-2 -5 5 5 -4 7 8 -3 7 -1 0 -6 6 -7 6 5 

64
4 1 -1 6 5 6 8 7 
4 7 7 4 5 0 8 0 
6 6 -3 1 -1 8 6 6 
7 8 8 7 7 8 5 6 
8 6 -5 7 7 4 5 8 
1 7 8 6 3 7 6 7 
4 8 3 7 7 8 7 3 
1 8 7 8 7 7 6 6 

64
4 1 0 6 5 6 8 7 
4 7 7 4 5 0 8 0 
6 6 0 1 0 8 6 6 
7 8 8 7 7 8 5 6 
8 6 0 7 7 4 5 8 
1 7 8 6 3 7 6 7 
4 8 3 7 7 8 7 3 
1 8 7 8 7 7 6 6 

16
7 7 6 8 
8 8 8 6 
8 8 7 8 
8 8 8 7 

4
8 8 
8 8 

4
8 8 
8 8 

4
184 16 
-48 16 

4
-360 -992 
648 960 

4
0 0 
648 960 


